	14.0	15.0	16.0	17.0	18.0	19.0	20.0	21.0	22.0	23.0	24.0	25.0	26.0	27.0	28.0	29.0	30.0	31.0	32.0	33.0	34.0	35.0	36.0	37.0
GLDS-375_rna-seq_FL1-1R_S2_L002_R1_raw	2.0	5.0	25.0	67.0	117.0	235.0	565.0	1604.0	3882.0	9102.0	19287.0	39472.0	72611.0	126245.0	195994.0	289862.0	397276.0	528971.0	673878.0	907317.0	1303886.0	2667819.0	15752883.0	1611911.0
	11.0	12.0	13.0	14.0	15.0	16.0	17.0	18.0	19.0	20.0	21.0	22.0	23.0	24.0	25.0	26.0	27.0	28.0	29.0	30.0	31.0	32.0	33.0	34.0	35.0	36.0	37.0
GLDS-375_rna-seq_FL1-1R_S2_L002_R2_raw	52.0	3686.0	34627.0	76605.0	81474.0	64643.0	51903.0	43443.0	44332.0	55934.0	89664.0	131845.0	159051.0	165992.0	179008.0	196995.0	235634.0	284132.0	360980.0	458879.0	612776.0	831497.0	1266933.0	2212924.0	5228056.0	11327159.0	404792.0
	14.0	15.0	16.0	17.0	18.0	19.0	20.0	21.0	22.0	23.0	24.0	25.0	26.0	27.0	28.0	29.0	30.0	31.0	32.0	33.0	34.0	35.0	36.0	37.0
GLDS-375_rna-seq_FL1-1S_S1_L002_R1_raw	1.0	9.0	35.0	59.0	128.0	246.0	684.0	1944.0	5333.0	12639.0	24795.0	46100.0	78626.0	133769.0	206719.0	306746.0	419536.0	559122.0	711079.0	955662.0	1382008.0	2865461.0	15708489.0	1436131.0
	11.0	12.0	13.0	14.0	15.0	16.0	17.0	18.0	19.0	20.0	21.0	22.0	23.0	24.0	25.0	26.0	27.0	28.0	29.0	30.0	31.0	32.0	33.0	34.0	35.0	36.0	37.0
GLDS-375_rna-seq_FL1-1S_S1_L002_R2_raw	55.0	6067.0	64375.0	150357.0	163480.0	131879.0	105387.0	87036.0	85178.0	101800.0	157067.0	225778.0	256309.0	233256.0	212831.0	204430.0	220268.0	248643.0	303627.0	380799.0	513019.0	709548.0	1095903.0	1922984.0	4700511.0	12120532.0	454202.0
	13.0	14.0	15.0	16.0	17.0	18.0	19.0	20.0	21.0	22.0	23.0	24.0	25.0	26.0	27.0	28.0	29.0	30.0	31.0	32.0	33.0	34.0	35.0	36.0	37.0
GLDS-375_rna-seq_FL10-1R_R1_raw	1.0	3.0	27.0	84.0	231.0	626.0	1482.0	3391.0	7168.0	13536.0	28735.0	56272.0	109606.0	194008.0	334297.0	520885.0	794393.0	1106708.0	1586908.0	2224848.0	3471294.0	5725253.0	12382741.0	81067050.0	34848908.0
	3.0	4.0	5.0	6.0	7.0	8.0	9.0	10.0	11.0	12.0	13.0	14.0	15.0	16.0	17.0	18.0	19.0	20.0	21.0	22.0	23.0	24.0	25.0	26.0	27.0	28.0	29.0	30.0	31.0	32.0	33.0	34.0	35.0	36.0	37.0
GLDS-375_rna-seq_FL10-1R_R2_raw	8.0	44.0	171.0	326.0	407.0	432.0	393.0	430.0	1046.0	14118.0	125672.0	346945.0	457847.0	425872.0	350147.0	279558.0	264798.0	294432.0	387234.0	494648.0	617561.0	655706.0	658392.0	639903.0	693035.0	793982.0	1023151.0	1337823.0	1907621.0	2702988.0	4220056.0	6850650.0	15223518.0	80906921.0	22802620.0
	15.0	16.0	17.0	18.0	19.0	20.0	21.0	22.0	23.0	24.0	25.0	26.0	27.0	28.0	29.0	30.0	31.0	32.0	33.0	34.0	35.0	36.0	37.0
GLDS-375_rna-seq_FL10-1S_R1_raw	12.0	67.0	196.0	399.0	833.0	1654.0	3152.0	6167.0	14347.0	32460.0	71642.0	137802.0	250688.0	409091.0	645924.0	927815.0	1363382.0	1938968.0	3048242.0	5049263.0	10976085.0	67510162.0	25333817.0
	3.0	4.0	5.0	6.0	7.0	8.0	9.0	10.0	11.0	12.0	13.0	14.0	15.0	16.0	17.0	18.0	19.0	20.0	21.0	22.0	23.0	24.0	25.0	26.0	27.0	28.0	29.0	30.0	31.0	32.0	33.0	34.0	35.0	36.0	37.0
GLDS-375_rna-seq_FL10-1S_R2_raw	2.0	28.0	133.0	244.0	317.0	353.0	368.0	321.0	401.0	766.0	3662.0	9871.0	15353.0	19511.0	27264.0	33098.0	37249.0	46887.0	74908.0	120727.0	192005.0	268232.0	353510.0	410769.0	495737.0	614086.0	839734.0	1151021.0	1692426.0	2439148.0	3853087.0	6287383.0	13829414.0	66954829.0	17949324.0
	14.0	15.0	16.0	17.0	18.0	19.0	20.0	21.0	22.0	23.0	24.0	25.0	26.0	27.0	28.0	29.0	30.0	31.0	32.0	33.0	34.0	35.0	36.0	37.0
GLDS-375_rna-seq_FL11-1R_S14_L002_R1_raw	2.0	14.0	35.0	70.0	126.0	271.0	665.0	1949.0	5156.0	11192.0	22274.0	43155.0	76419.0	129252.0	199626.0	294346.0	400899.0	536998.0	684176.0	934612.0	1354130.0	2713372.0	15032716.0	1531266.0
	10.0	11.0	12.0	13.0	14.0	15.0	16.0	17.0	18.0	19.0	20.0	21.0	22.0	23.0	24.0	25.0	26.0	27.0	28.0	29.0	30.0	31.0	32.0	33.0	34.0	35.0	36.0	37.0
GLDS-375_rna-seq_FL11-1R_S14_L002_R2_raw	1.0	54.0	5805.0	59316.0	135208.0	146862.0	118822.0	94895.0	80486.0	81882.0	101619.0	153613.0	211639.0	231776.0	211395.0	199682.0	197610.0	219632.0	253265.0	311625.0	390595.0	524014.0	718701.0	1096144.0	1888575.0	4497238.0	11602271.0	439996.0
	14.0	15.0	16.0	17.0	18.0	19.0	20.0	21.0	22.0	23.0	24.0	25.0	26.0	27.0	28.0	29.0	30.0	31.0	32.0	33.0	34.0	35.0	36.0	37.0
GLDS-375_rna-seq_FL11-1S_S13_L002_R1_raw	3.0	22.0	44.0	94.0	154.0	311.0	682.0	1930.0	5241.0	12989.0	28035.0	55904.0	100220.0	169586.0	260399.0	378761.0	511165.0	677646.0	858712.0	1162226.0	1690521.0	3469600.0	18620882.0	1736839.0
	11.0	12.0	13.0	14.0	15.0	16.0	17.0	18.0	19.0	20.0	21.0	22.0	23.0	24.0	25.0	26.0	27.0	28.0	29.0	30.0	31.0	32.0	33.0	34.0	35.0	36.0	37.0
GLDS-375_rna-seq_FL11-1S_S13_L002_R2_raw	51.0	4119.0	42270.0	95258.0	104763.0	85204.0	67891.0	57298.0	57406.0	71154.0	108401.0	158104.0	192052.0	199246.0	212565.0	228913.0	271140.0	326844.0	416526.0	533492.0	724547.0	997099.0	1555597.0	2736994.0	6285663.0	13746382.0	462987.0
	14.0	15.0	16.0	17.0	18.0	19.0	20.0	21.0	22.0	23.0	24.0	25.0	26.0	27.0	28.0	29.0	30.0	31.0	32.0	33.0	34.0	35.0	36.0	37.0
GLDS-375_rna-seq_FL12-1R_R1_raw	4.0	16.0	69.0	217.0	493.0	1017.0	2192.0	4213.0	7861.0	17036.0	35401.0	74531.0	138030.0	246600.0	395832.0	611627.0	860867.0	1238458.0	1737343.0	2708901.0	4476068.0	9667920.0	65032082.0	28535331.0
	3.0	4.0	5.0	6.0	7.0	8.0	9.0	10.0	11.0	12.0	13.0	14.0	15.0	16.0	17.0	18.0	19.0	20.0	21.0	22.0	23.0	24.0	25.0	26.0	27.0	28.0	29.0	30.0	31.0	32.0	33.0	34.0	35.0	36.0	37.0
GLDS-375_rna-seq_FL12-1R_R2_raw	3.0	27.0	101.0	199.0	251.0	315.0	321.0	294.0	351.0	556.0	2216.0	5295.0	6862.0	6898.0	7720.0	9059.0	12844.0	20749.0	38410.0	66556.0	110602.0	164556.0	232073.0	290138.0	373812.0	486913.0	686544.0	959849.0	1431516.0	2085560.0	3314432.0	5426472.0	12158869.0	67811304.0	20080442.0
	15.0	16.0	17.0	18.0	19.0	20.0	21.0	22.0	23.0	24.0	25.0	26.0	27.0	28.0	29.0	30.0	31.0	32.0	33.0	34.0	35.0	36.0	37.0
GLDS-375_rna-seq_FL12-1S_R1_raw	14.0	56.0	186.0	354.0	783.0	1541.0	3019.0	6276.0	14917.0	32844.0	69911.0	130605.0	232854.0	370427.0	576833.0	818754.0	1187373.0	1678219.0	2629025.0	4353971.0	9474635.0	59132306.0	22364103.0
	3.0	4.0	5.0	6.0	7.0	8.0	9.0	10.0	11.0	12.0	13.0	14.0	15.0	16.0	17.0	18.0	19.0	20.0	21.0	22.0	23.0	24.0	25.0	26.0	27.0	28.0	29.0	30.0	31.0	32.0	33.0	34.0	35.0	36.0	37.0
GLDS-375_rna-seq_FL12-1S_R2_raw	4.0	29.0	94.0	185.0	265.0	286.0	293.0	273.0	516.0	6713.0	55629.0	146547.0	193167.0	184083.0	159957.0	135630.0	128700.0	135424.0	176277.0	243065.0	343834.0	412072.0	447514.0	449711.0	497146.0	589977.0	782791.0	1046267.0	1516975.0	2157605.0	3370197.0	5456890.0	12071852.0	57933747.0	14435291.0
	14.0	15.0	16.0	17.0	18.0	19.0	20.0	21.0	22.0	23.0	24.0	25.0	26.0	27.0	28.0	29.0	30.0	31.0	32.0	33.0	34.0	35.0	36.0	37.0
GLDS-375_rna-seq_FL2-1R_R1_raw	1.0	29.0	82.0	228.0	520.0	1280.0	2730.0	5383.0	10219.0	21171.0	42010.0	84704.0	155023.0	275518.0	438880.0	682234.0	958994.0	1375322.0	1920868.0	2975257.0	4896418.0	10501193.0	70516925.0	34727494.0
	3.0	4.0	5.0	6.0	7.0	8.0	9.0	10.0	11.0	12.0	13.0	14.0	15.0	16.0	17.0	18.0	19.0	20.0	21.0	22.0	23.0	24.0	25.0	26.0	27.0	28.0	29.0	30.0	31.0	32.0	33.0	34.0	35.0	36.0	37.0
GLDS-375_rna-seq_FL2-1R_R2_raw	5.0	42.0	150.0	278.0	381.0	426.0	384.0	365.0	633.0	6038.0	50592.0	136339.0	176626.0	162298.0	132598.0	108620.0	108448.0	129391.0	181492.0	244799.0	322185.0	372444.0	420654.0	452417.0	529229.0	643637.0	863096.0	1164919.0	1695480.0	2428087.0	3812868.0	6201324.0	13802843.0	74073805.0	21369590.0
	14.0	15.0	16.0	17.0	18.0	19.0	20.0	21.0	22.0	23.0	24.0	25.0	26.0	27.0	28.0	29.0	30.0	31.0	32.0	33.0	34.0	35.0	36.0	37.0
GLDS-375_rna-seq_FL2-1S_R1_raw	1.0	12.0	37.0	140.0	302.0	699.0	1453.0	3296.0	7239.0	16980.0	37746.0	81318.0	150395.0	267979.0	425485.0	661584.0	940343.0	1369120.0	1940680.0	3050255.0	5069465.0	11032099.0	69122719.0	26491378.0
	3.0	4.0	5.0	6.0	7.0	8.0	9.0	10.0	11.0	12.0	13.0	14.0	15.0	16.0	17.0	18.0	19.0	20.0	21.0	22.0	23.0	24.0	25.0	26.0	27.0	28.0	29.0	30.0	31.0	32.0	33.0	34.0	35.0	36.0	37.0
GLDS-375_rna-seq_FL2-1S_R2_raw	2.0	36.0	132.0	181.0	309.0	318.0	321.0	328.0	672.0	6700.0	58580.0	168951.0	235813.0	235937.0	211726.0	183998.0	176475.0	188183.0	243073.0	326661.0	451690.0	536225.0	575880.0	565709.0	612487.0	713577.0	929847.0	1235658.0	1778436.0	2522000.0	3932693.0	6373763.0	14061783.0	67393354.0	16949227.0
	14.0	15.0	16.0	17.0	18.0	19.0	20.0	21.0	22.0	23.0	24.0	25.0	26.0	27.0	28.0	29.0	30.0	31.0	32.0	33.0	34.0	35.0	36.0	37.0
GLDS-375_rna-seq_FL3-1R_R1_raw	1.0	15.0	50.0	166.0	464.0	1175.0	2540.0	5180.0	10354.0	22599.0	47800.0	98400.0	179434.0	312371.0	489296.0	746238.0	1040690.0	1496360.0	2096807.0	3271842.0	5408966.0	11726620.0	78160187.0	34934474.0
	3.0	4.0	5.0	6.0	7.0	8.0	9.0	10.0	11.0	12.0	13.0	14.0	15.0	16.0	17.0	18.0	19.0	20.0	21.0	22.0	23.0	24.0	25.0	26.0	27.0	28.0	29.0	30.0	31.0	32.0	33.0	34.0	35.0	36.0	37.0
GLDS-375_rna-seq_FL3-1R_R2_raw	4.0	36.0	146.0	254.0	358.0	392.0	403.0	420.0	711.0	5297.0	45821.0	126737.0	159634.0	141545.0	114091.0	91904.0	91142.0	109780.0	156929.0	215678.0	293937.0	353628.0	412956.0	456871.0	545652.0	676039.0	919793.0	1248572.0	1831068.0	2632045.0	4149763.0	6775242.0	15193211.0	80482935.0	22819035.0
	13.0	14.0	15.0	16.0	17.0	18.0	19.0	20.0	21.0	22.0	23.0	24.0	25.0	26.0	27.0	28.0	29.0	30.0	31.0	32.0	33.0	34.0	35.0	36.0	37.0
GLDS-375_rna-seq_FL3-1S_R1_raw	1.0	4.0	21.0	75.0	229.0	463.0	1058.0	2224.0	4425.0	8545.0	18700.0	40109.0	82323.0	150745.0	262367.0	415198.0	645194.0	912578.0	1322622.0	1865363.0	2920747.0	4821199.0	10428090.0	65333350.0	27173207.0
	3.0	4.0	5.0	6.0	7.0	8.0	9.0	10.0	11.0	12.0	13.0	14.0	15.0	16.0	17.0	18.0	19.0	20.0	21.0	22.0	23.0	24.0	25.0	26.0	27.0	28.0	29.0	30.0	31.0	32.0	33.0	34.0	35.0	36.0	37.0
GLDS-375_rna-seq_FL3-1S_R2_raw	7.0	45.0	151.0	281.0	304.0	382.0	362.0	345.0	622.0	4849.0	45953.0	139143.0	194561.0	193956.0	173545.0	148725.0	145483.0	159189.0	210905.0	281925.0	376418.0	432957.0	468025.0	475425.0	531433.0	626002.0	823225.0	1097333.0	1589782.0	2273064.0	3572963.0	5811726.0	12803326.0	65607320.0	18219105.0
	14.0	15.0	16.0	17.0	18.0	19.0	20.0	21.0	22.0	23.0	24.0	25.0	26.0	27.0	28.0	29.0	30.0	31.0	32.0	33.0	34.0	35.0	36.0	37.0
GLDS-375_rna-seq_FL4-1R_R1_raw	6.0	30.0	87.0	290.0	620.0	1451.0	2870.0	6150.0	12320.0	25520.0	49733.0	98097.0	174800.0	301840.0	469517.0	717243.0	997198.0	1420805.0	1979534.0	3065802.0	5036990.0	10817885.0	71566637.0	32391146.0
	3.0	4.0	5.0	6.0	7.0	8.0	9.0	10.0	11.0	12.0	13.0	14.0	15.0	16.0	17.0	18.0	19.0	20.0	21.0	22.0	23.0	24.0	25.0	26.0	27.0	28.0	29.0	30.0	31.0	32.0	33.0	34.0	35.0	36.0	37.0
GLDS-375_rna-seq_FL4-1R_R2_raw	3.0	46.0	158.0	250.0	352.0	382.0	400.0	382.0	970.0	15319.0	130046.0	338533.0	426312.0	378325.0	298038.0	233071.0	222416.0	247358.0	327788.0	423788.0	528312.0	561929.0	572375.0	559097.0	608497.0	696624.0	897473.0	1174367.0	1677440.0	2376605.0	3716040.0	6008081.0	13281677.0	71926455.0	21507662.0
	14.0	15.0	16.0	17.0	18.0	19.0	20.0	21.0	22.0	23.0	24.0	25.0	26.0	27.0	28.0	29.0	30.0	31.0	32.0	33.0	34.0	35.0	36.0	37.0
GLDS-375_rna-seq_FL4-1S_R1_raw	5.0	22.0	78.0	202.0	524.0	1067.0	2320.0	4605.0	8822.0	19446.0	40786.0	83728.0	154891.0	276660.0	449916.0	715084.0	1044449.0	1563529.0	2273757.0	3639976.0	6057686.0	13063881.0	66311294.0	20694219.0
	3.0	4.0	5.0	6.0	7.0	8.0	9.0	10.0	11.0	12.0	13.0	14.0	15.0	16.0	17.0	18.0	19.0	20.0	21.0	22.0	23.0	24.0	25.0	26.0	27.0	28.0	29.0	30.0	31.0	32.0	33.0	34.0	35.0	36.0	37.0
GLDS-375_rna-seq_FL4-1S_R2_raw	1.0	45.0	139.0	221.0	277.0	344.0	310.0	301.0	746.0	9429.0	86177.0	232871.0	297681.0	271891.0	223534.0	183011.0	176753.0	196113.0	259475.0	342933.0	455354.0	518164.0	555695.0	557615.0	619541.0	736715.0	978582.0	1310184.0	1898684.0	2706582.0	4258369.0	6957446.0	15294539.0	63129581.0	14147644.0
	13.0	14.0	15.0	16.0	17.0	18.0	19.0	20.0	21.0	22.0	23.0	24.0	25.0	26.0	27.0	28.0	29.0	30.0	31.0	32.0	33.0	34.0	35.0	36.0	37.0
GLDS-375_rna-seq_FL5-1R_S6_L002_R1_raw	1.0	1.0	15.0	46.0	103.0	172.0	330.0	959.0	2718.0	7163.0	16522.0	31120.0	58970.0	101189.0	170278.0	256831.0	373028.0	504547.0	668939.0	845473.0	1129149.0	1604718.0	3171467.0	19188867.0	2323227.0
	11.0	12.0	13.0	14.0	15.0	16.0	17.0	18.0	19.0	20.0	21.0	22.0	23.0	24.0	25.0	26.0	27.0	28.0	29.0	30.0	31.0	32.0	33.0	34.0	35.0	36.0	37.0
GLDS-375_rna-seq_FL5-1R_S6_L002_R2_raw	74.0	6869.0	73895.0	172197.0	184986.0	146629.0	114591.0	93386.0	94098.0	121244.0	195978.0	281459.0	312267.0	281984.0	259072.0	250269.0	274179.0	312683.0	382288.0	478182.0	637980.0	876531.0	1332805.0	2317921.0	5699192.0	15009318.0	545756.0
	14.0	15.0	16.0	17.0	18.0	19.0	20.0	21.0	22.0	23.0	24.0	25.0	26.0	27.0	28.0	29.0	30.0	31.0	32.0	33.0	34.0	35.0	36.0	37.0
GLDS-375_rna-seq_FL5-1S_S5_L002_R1_raw	7.0	11.0	25.0	64.0	145.0	299.0	651.0	1861.0	4838.0	11903.0	25065.0	49783.0	90155.0	154693.0	238780.0	350166.0	473626.0	626440.0	792939.0	1056834.0	1523177.0	3148547.0	17499763.0	1660381.0
	11.0	12.0	13.0	14.0	15.0	16.0	17.0	18.0	19.0	20.0	21.0	22.0	23.0	24.0	25.0	26.0	27.0	28.0	29.0	30.0	31.0	32.0	33.0	34.0	35.0	36.0	37.0
GLDS-375_rna-seq_FL5-1S_S5_L002_R2_raw	41.0	3957.0	44529.0	105902.0	116149.0	95408.0	75837.0	62792.0	61901.0	75456.0	117094.0	172521.0	205943.0	200335.0	197381.0	203412.0	233017.0	276252.0	345949.0	440785.0	597735.0	831388.0	1272781.0	2229732.0	5405303.0	13831347.0	507206.0
	13.0	14.0	15.0	16.0	17.0	18.0	19.0	20.0	21.0	22.0	23.0	24.0	25.0	26.0	27.0	28.0	29.0	30.0	31.0	32.0	33.0	34.0	35.0	36.0	37.0
GLDS-375_rna-seq_FL6-1R_R1_raw	1.0	1.0	21.0	78.0	215.0	550.0	1306.0	2796.0	5634.0	10885.0	23940.0	49520.0	100146.0	180327.0	312579.0	487389.0	742093.0	1034757.0	1484536.0	2074350.0	3239007.0	5362385.0	11683005.0	76683553.0	32144995.0
	3.0	4.0	5.0	6.0	7.0	8.0	9.0	10.0	11.0	12.0	13.0	14.0	15.0	16.0	17.0	18.0	19.0	20.0	21.0	22.0	23.0	24.0	25.0	26.0	27.0	28.0	29.0	30.0	31.0	32.0	33.0	34.0	35.0	36.0	37.0
GLDS-375_rna-seq_FL6-1R_R2_raw	2.0	31.0	121.0	265.0	325.0	386.0	400.0	342.0	627.0	6991.0	60782.0	164490.0	208300.0	187079.0	151589.0	123118.0	120103.0	139740.0	192732.0	259030.0	338213.0	382073.0	419485.0	443587.0	512076.0	619623.0	832951.0	1124388.0	1649035.0	2391071.0	3790669.0	6199237.0	13852475.0	77588279.0	23864454.0
	14.0	15.0	16.0	17.0	18.0	19.0	20.0	21.0	22.0	23.0	24.0	25.0	26.0	27.0	28.0	29.0	30.0	31.0	32.0	33.0	34.0	35.0	36.0	37.0
GLDS-375_rna-seq_FL6-1S_R1_raw	2.0	22.0	76.0	200.0	459.0	1053.0	2110.0	4328.0	8691.0	19771.0	43002.0	89594.0	162504.0	283708.0	446618.0	688284.0	972296.0	1409316.0	1993569.0	3123794.0	5163875.0	11253228.0	69331628.0	26353580.0
	3.0	4.0	5.0	6.0	7.0	8.0	9.0	10.0	11.0	12.0	13.0	14.0	15.0	16.0	17.0	18.0	19.0	20.0	21.0	22.0	23.0	24.0	25.0	26.0	27.0	28.0	29.0	30.0	31.0	32.0	33.0	34.0	35.0	36.0	37.0
GLDS-375_rna-seq_FL6-1S_R2_raw	5.0	45.0	127.0	269.0	330.0	351.0	355.0	356.0	875.0	12643.0	108548.0	282819.0	356070.0	323149.0	268346.0	219931.0	207167.0	218029.0	278590.0	369169.0	497701.0	574911.0	607349.0	594544.0	644748.0	745428.0	973341.0	1279469.0	1828106.0	2582573.0	4019716.0	6488405.0	14208315.0	66690084.0	16969844.0
	14.0	15.0	16.0	17.0	18.0	19.0	20.0	21.0	22.0	23.0	24.0	25.0	26.0	27.0	28.0	29.0	30.0	31.0	32.0	33.0	34.0	35.0	36.0	37.0
GLDS-375_rna-seq_FL7-1R_R1_raw	4.0	21.0	76.0	192.0	491.0	992.0	2161.0	4357.0	8610.0	19085.0	40072.0	82516.0	149757.0	261879.0	411023.0	632093.0	885639.0	1271090.0	1781694.0	2769016.0	4558309.0	9836947.0	64624439.0	28002761.0
	3.0	4.0	5.0	6.0	7.0	8.0	9.0	10.0	11.0	12.0	13.0	14.0	15.0	16.0	17.0	18.0	19.0	20.0	21.0	22.0	23.0	24.0	25.0	26.0	27.0	28.0	29.0	30.0	31.0	32.0	33.0	34.0	35.0	36.0	37.0
GLDS-375_rna-seq_FL7-1R_R2_raw	1.0	29.0	103.0	203.0	307.0	322.0	339.0	325.0	511.0	4691.0	42597.0	119907.0	153462.0	135046.0	106041.0	84072.0	82579.0	97388.0	138895.0	193564.0	259450.0	301273.0	338185.0	359941.0	417383.0	506086.0	684415.0	931709.0	1375626.0	2002069.0	3178908.0	5197133.0	11602165.0	66377255.0	20651244.0
	13.0	14.0	15.0	16.0	17.0	18.0	19.0	20.0	21.0	22.0	23.0	24.0	25.0	26.0	27.0	28.0	29.0	30.0	31.0	32.0	33.0	34.0	35.0	36.0	37.0
GLDS-375_rna-seq_FL7-1S_R1_raw	1.0	2.0	29.0	84.0	252.0	503.0	1059.0	2285.0	4545.0	8955.0	20836.0	45541.0	94509.0	171286.0	295775.0	463858.0	714882.0	1008142.0	1464301.0	2067692.0	3247698.0	5374905.0	11659323.0	73228996.0	29652977.0
	3.0	4.0	5.0	6.0	7.0	8.0	9.0	10.0	11.0	12.0	13.0	14.0	15.0	16.0	17.0	18.0	19.0	20.0	21.0	22.0	23.0	24.0	25.0	26.0	27.0	28.0	29.0	30.0	31.0	32.0	33.0	34.0	35.0	36.0	37.0
GLDS-375_rna-seq_FL7-1S_R2_raw	2.0	31.0	132.0	253.0	295.0	362.0	364.0	373.0	542.0	6494.0	52050.0	133224.0	163902.0	141737.0	115184.0	93803.0	93469.0	108904.0	153676.0	218471.0	309192.0	378029.0	439739.0	472624.0	552599.0	672835.0	908394.0	1235235.0	1806213.0	2594652.0	4087912.0	6682571.0	14900111.0	73954020.0	19251042.0
	14.0	15.0	16.0	17.0	18.0	19.0	20.0	21.0	22.0	23.0	24.0	25.0	26.0	27.0	28.0	29.0	30.0	31.0	32.0	33.0	34.0	35.0	36.0	37.0
GLDS-375_rna-seq_FL8-1R_R1_raw	9.0	24.0	93.0	271.0	599.0	1299.0	2722.0	5147.0	10367.0	22906.0	46881.0	95649.0	172843.0	299058.0	468519.0	714373.0	993837.0	1422859.0	1983842.0	3076183.0	5066999.0	10923385.0	73577401.0	33268089.0
	3.0	4.0	5.0	6.0	7.0	8.0	9.0	10.0	11.0	12.0	13.0	14.0	15.0	16.0	17.0	18.0	19.0	20.0	21.0	22.0	23.0	24.0	25.0	26.0	27.0	28.0	29.0	30.0	31.0	32.0	33.0	34.0	35.0	36.0	37.0
GLDS-375_rna-seq_FL8-1R_R2_raw	4.0	42.0	133.0	267.0	366.0	405.0	368.0	357.0	633.0	5031.0	44334.0	123199.0	162450.0	152020.0	126398.0	102266.0	98925.0	112673.0	157105.0	217925.0	294111.0	343496.0	391340.0	421988.0	494620.0	604361.0	814545.0	1103011.0	1616627.0	2334925.0	3691623.0	6008178.0	13395089.0	76135524.0	23199016.0
	14.0	15.0	16.0	17.0	18.0	19.0	20.0	21.0	22.0	23.0	24.0	25.0	26.0	27.0	28.0	29.0	30.0	31.0	32.0	33.0	34.0	35.0	36.0	37.0
GLDS-375_rna-seq_FL8-1S_R1_raw	4.0	21.0	97.0	265.0	584.0	1309.0	2772.0	5241.0	10087.0	21047.0	42488.0	85868.0	158128.0	283604.0	457820.0	720770.0	1027769.0	1494539.0	2109418.0	3306884.0	5451967.0	11796801.0	73858773.0	29439016.0
	3.0	4.0	5.0	6.0	7.0	8.0	9.0	10.0	11.0	12.0	13.0	14.0	15.0	16.0	17.0	18.0	19.0	20.0	21.0	22.0	23.0	24.0	25.0	26.0	27.0	28.0	29.0	30.0	31.0	32.0	33.0	34.0	35.0	36.0	37.0
GLDS-375_rna-seq_FL8-1S_R2_raw	4.0	51.0	149.0	266.0	358.0	365.0	354.0	347.0	870.0	8022.0	71302.0	206757.0	302731.0	320274.0	303822.0	270039.0	264818.0	281386.0	356368.0	465915.0	614906.0	696805.0	721421.0	693816.0	737050.0	830231.0	1055613.0	1365724.0	1929173.0	2709698.0	4205261.0	6780734.0	14842000.0	71340311.0	18898331.0
	14.0	15.0	16.0	17.0	18.0	19.0	20.0	21.0	22.0	23.0	24.0	25.0	26.0	27.0	28.0	29.0	30.0	31.0	32.0	33.0	34.0	35.0	36.0	37.0
GLDS-375_rna-seq_FL9-1R_S10_L002_R1_raw	1.0	12.0	29.0	56.0	118.0	245.0	704.0	1914.0	5180.0	11716.0	24249.0	47655.0	85113.0	145136.0	222775.0	326066.0	439668.0	584113.0	747074.0	1009528.0	1424426.0	2790361.0	16415221.0	1869374.0
	11.0	12.0	13.0	14.0	15.0	16.0	17.0	18.0	19.0	20.0	21.0	22.0	23.0	24.0	25.0	26.0	27.0	28.0	29.0	30.0	31.0	32.0	33.0	34.0	35.0	36.0	37.0
GLDS-375_rna-seq_FL9-1R_S10_L002_R2_raw	55.0	4745.0	49845.0	112682.0	118464.0	91227.0	70672.0	57750.0	57753.0	73531.0	119617.0	179028.0	210261.0	199979.0	190553.0	192849.0	220462.0	259299.0	325603.0	418894.0	567701.0	780035.0	1213556.0	2112865.0	5102870.0	12945027.0	475411.0
	13.0	14.0	15.0	16.0	17.0	18.0	19.0	20.0	21.0	22.0	23.0	24.0	25.0	26.0	27.0	28.0	29.0	30.0	31.0	32.0	33.0	34.0	35.0	36.0	37.0
GLDS-375_rna-seq_FL9-1S_S9_L002_R1_raw	1.0	1.0	5.0	45.0	72.0	150.0	330.0	736.0	2157.0	5737.0	14317.0	29893.0	58264.0	102691.0	172434.0	262932.0	383405.0	520419.0	690949.0	876023.0	1181092.0	1713015.0	3571718.0	19570058.0	1797464.0
	11.0	12.0	13.0	14.0	15.0	16.0	17.0	18.0	19.0	20.0	21.0	22.0	23.0	24.0	25.0	26.0	27.0	28.0	29.0	30.0	31.0	32.0	33.0	34.0	35.0	36.0	37.0
GLDS-375_rna-seq_FL9-1S_S9_L002_R2_raw	40.0	3906.0	42573.0	102509.0	113696.0	92563.0	73033.0	60080.0	60011.0	73783.0	115750.0	171042.0	208778.0	212370.0	218911.0	231334.0	269997.0	319906.0	405623.0	518049.0	702137.0	965838.0	1487589.0	2629404.0	6386534.0	14992897.0	495555.0
	13.0	14.0	15.0	16.0	17.0	18.0	19.0	20.0	21.0	22.0	23.0	24.0	25.0	26.0	27.0	28.0	29.0	30.0	31.0	32.0	33.0	34.0	35.0	36.0	37.0
GLDS-375_rna-seq_GC1-1R_S4_L002_R1_raw	2.0	6.0	10.0	48.0	93.0	163.0	328.0	804.0	2596.0	6798.0	15244.0	30272.0	59454.0	105340.0	179356.0	273101.0	398984.0	539682.0	716530.0	907479.0	1210874.0	1721394.0	3428487.0	20819113.0	2335397.0
	11.0	12.0	13.0	14.0	15.0	16.0	17.0	18.0	19.0	20.0	21.0	22.0	23.0	24.0	25.0	26.0	27.0	28.0	29.0	30.0	31.0	32.0	33.0	34.0	35.0	36.0	37.0
GLDS-375_rna-seq_GC1-1R_S4_L002_R2_raw	81.0	6658.0	70194.0	163726.0	175460.0	136777.0	105801.0	84267.0	82774.0	103623.0	167059.0	246165.0	285142.0	265208.0	248604.0	244191.0	273909.0	321789.0	403589.0	515404.0	695614.0	958291.0	1491657.0	2653351.0	6461189.0	16059716.0	531316.0
	12.0	13.0	14.0	15.0	16.0	17.0	18.0	19.0	20.0	21.0	22.0	23.0	24.0	25.0	26.0	27.0	28.0	29.0	30.0	31.0	32.0	33.0	34.0	35.0	36.0	37.0
GLDS-375_rna-seq_GC1-1S_S3_L002_R1_raw	1.0	0.0	0.0	15.0	42.0	67.0	158.0	277.0	629.0	1779.0	5020.0	11832.0	24166.0	46846.0	84666.0	144876.0	223710.0	329102.0	447345.0	593738.0	751554.0	1010881.0	1465386.0	3045881.0	16501531.0	1482732.0
	11.0	12.0	13.0	14.0	15.0	16.0	17.0	18.0	19.0	20.0	21.0	22.0	23.0	24.0	25.0	26.0	27.0	28.0	29.0	30.0	31.0	32.0	33.0	34.0	35.0	36.0	37.0
GLDS-375_rna-seq_GC1-1S_S3_L002_R2_raw	53.0	4688.0	51913.0	122594.0	134347.0	109180.0	86571.0	71751.0	70221.0	84823.0	130169.0	190125.0	222718.0	211719.0	202142.0	204157.0	229010.0	268769.0	335621.0	425653.0	573502.0	788758.0	1212300.0	2142551.0	5184591.0	12681146.0	433162.0
	14.0	15.0	16.0	17.0	18.0	19.0	20.0	21.0	22.0	23.0	24.0	25.0	26.0	27.0	28.0	29.0	30.0	31.0	32.0	33.0	34.0	35.0	36.0	37.0
GLDS-375_rna-seq_GC10-1R_R1_raw	3.0	26.0	82.0	206.0	600.0	1614.0	3401.0	6745.0	12300.0	26498.0	53236.0	106151.0	186281.0	319487.0	494954.0	747633.0	1035147.0	1475349.0	2052295.0	3175358.0	5207833.0	11193812.0	74555069.0	34323059.0
	3.0	4.0	5.0	6.0	7.0	8.0	9.0	10.0	11.0	12.0	13.0	14.0	15.0	16.0	17.0	18.0	19.0	20.0	21.0	22.0	23.0	24.0	25.0	26.0	27.0	28.0	29.0	30.0	31.0	32.0	33.0	34.0	35.0	36.0	37.0
GLDS-375_rna-seq_GC10-1R_R2_raw	3.0	45.0	150.0	283.0	354.0	399.0	401.0	371.0	726.0	9691.0	84360.0	214022.0	255966.0	213587.0	162368.0	125605.0	122773.0	143473.0	198317.0	266089.0	347291.0	391842.0	429194.0	448684.0	514696.0	621757.0	835143.0	1132345.0	1655349.0	2386466.0	3774892.0	6152923.0	13807220.0	77479212.0	23201142.0
	14.0	15.0	16.0	17.0	18.0	19.0	20.0	21.0	22.0	23.0	24.0	25.0	26.0	27.0	28.0	29.0	30.0	31.0	32.0	33.0	34.0	35.0	36.0	37.0
GLDS-375_rna-seq_GC10-1S_R1_raw	1.0	7.0	31.0	113.0	288.0	686.0	1500.0	3051.0	6419.0	15551.0	35472.0	77592.0	145208.0	258521.0	412931.0	645505.0	921976.0	1348163.0	1920532.0	3027886.0	5016557.0	10957866.0	64977786.0	22968688.0
	3.0	4.0	5.0	6.0	7.0	8.0	9.0	10.0	11.0	12.0	13.0	14.0	15.0	16.0	17.0	18.0	19.0	20.0	21.0	22.0	23.0	24.0	25.0	26.0	27.0	28.0	29.0	30.0	31.0	32.0	33.0	34.0	35.0	36.0	37.0
GLDS-375_rna-seq_GC10-1S_R2_raw	1.0	37.0	118.0	204.0	291.0	365.0	296.0	323.0	397.0	1818.0	13968.0	34994.0	42859.0	39766.0	37156.0	38654.0	42600.0	50604.0	75327.0	117655.0	182674.0	245420.0	305196.0	344274.0	410172.0	513236.0	711166.0	990366.0	1474329.0	2145927.0	3411709.0	5624817.0	12707576.0	65501340.0	17676695.0
	14.0	15.0	16.0	17.0	18.0	19.0	20.0	21.0	22.0	23.0	24.0	25.0	26.0	27.0	28.0	29.0	30.0	31.0	32.0	33.0	34.0	35.0	36.0	37.0
GLDS-375_rna-seq_GC11-1R_S16_L002_R1_raw	1.0	10.0	41.0	83.0	160.0	388.0	779.0	2020.0	5029.0	11207.0	22234.0	44429.0	81200.0	140909.0	219670.0	326036.0	443871.0	593494.0	755735.0	1018875.0	1474512.0	3022890.0	17717723.0	1778660.0
	11.0	12.0	13.0	14.0	15.0	16.0	17.0	18.0	19.0	20.0	21.0	22.0	23.0	24.0	25.0	26.0	27.0	28.0	29.0	30.0	31.0	32.0	33.0	34.0	35.0	36.0	37.0
GLDS-375_rna-seq_GC11-1R_S16_L002_R2_raw	48.0	4810.0	47775.0	107480.0	115557.0	92683.0	74624.0	62252.0	64477.0	81335.0	129398.0	182612.0	205656.0	191325.0	183990.0	188676.0	213833.0	253461.0	319893.0	405291.0	548949.0	758163.0	1157619.0	1995600.0	4928951.0	14684478.0	661020.0
	14.0	15.0	16.0	17.0	18.0	19.0	20.0	21.0	22.0	23.0	24.0	25.0	26.0	27.0	28.0	29.0	30.0	31.0	32.0	33.0	34.0	35.0	36.0	37.0
GLDS-375_rna-seq_GC11-1S_S15_L002_R1_raw	2.0	8.0	30.0	62.0	136.0	224.0	528.0	1427.0	4165.0	10856.0	23319.0	46102.0	81455.0	137905.0	211312.0	311809.0	422291.0	564223.0	723379.0	993271.0	1440286.0	2967194.0	14977774.0	1199404.0
	11.0	12.0	13.0	14.0	15.0	16.0	17.0	18.0	19.0	20.0	21.0	22.0	23.0	24.0	25.0	26.0	27.0	28.0	29.0	30.0	31.0	32.0	33.0	34.0	35.0	36.0	37.0
GLDS-375_rna-seq_GC11-1S_S15_L002_R2_raw	43.0	3443.0	35832.0	84783.0	94285.0	77585.0	61586.0	50467.0	49848.0	58754.0	88800.0	131080.0	160894.0	168053.0	177654.0	191150.0	225208.0	271392.0	345298.0	441891.0	596600.0	825004.0	1274736.0	2241015.0	5307325.0	10842509.0	311927.0
	14.0	15.0	16.0	17.0	18.0	19.0	20.0	21.0	22.0	23.0	24.0	25.0	26.0	27.0	28.0	29.0	30.0	31.0	32.0	33.0	34.0	35.0	36.0	37.0
GLDS-375_rna-seq_GC12-1R_R1_raw	4.0	6.0	42.0	136.0	419.0	1015.0	2304.0	4780.0	9686.0	20294.0	41809.0	83142.0	147852.0	251647.0	389757.0	589220.0	817429.0	1163993.0	1626089.0	2516240.0	4128141.0	8879029.0	58749404.0	26509016.0
	3.0	4.0	5.0	6.0	7.0	8.0	9.0	10.0	11.0	12.0	13.0	14.0	15.0	16.0	17.0	18.0	19.0	20.0	21.0	22.0	23.0	24.0	25.0	26.0	27.0	28.0	29.0	30.0	31.0	32.0	33.0	34.0	35.0	36.0	37.0
GLDS-375_rna-seq_GC12-1R_R2_raw	5.0	37.0	112.0	211.0	274.0	301.0	319.0	324.0	502.0	5619.0	42102.0	98626.0	110208.0	86016.0	63683.0	50099.0	53077.0	68595.0	105100.0	156147.0	225474.0	282900.0	339455.0	366634.0	416115.0	494345.0	662430.0	895802.0	1314361.0	1896897.0	2990353.0	4869417.0	10875497.0	61084319.0	18376098.0
	14.0	15.0	16.0	17.0	18.0	19.0	20.0	21.0	22.0	23.0	24.0	25.0	26.0	27.0	28.0	29.0	30.0	31.0	32.0	33.0	34.0	35.0	36.0	37.0
GLDS-375_rna-seq_GC12-1S_R1_raw	6.0	14.0	47.0	168.0	336.0	705.0	1450.0	3029.0	6933.0	16794.0	37980.0	81339.0	150693.0	266013.0	423508.0	658393.0	936469.0	1364191.0	1940413.0	3059804.0	5099047.0	11197303.0	68878543.0	24923743.0
	3.0	4.0	5.0	6.0	7.0	8.0	9.0	10.0	11.0	12.0	13.0	14.0	15.0	16.0	17.0	18.0	19.0	20.0	21.0	22.0	23.0	24.0	25.0	26.0	27.0	28.0	29.0	30.0	31.0	32.0	33.0	34.0	35.0	36.0	37.0
GLDS-375_rna-seq_GC12-1S_R2_raw	3.0	39.0	129.0	242.0	294.0	357.0	355.0	344.0	577.0	4421.0	40265.0	123916.0	188661.0	204482.0	194676.0	173879.0	164029.0	169438.0	215183.0	292867.0	415821.0	500062.0	534659.0	518013.0	555917.0	640133.0	839636.0	1123364.0	1632215.0	2335893.0	3670402.0	5977207.0	13206372.0	66947618.0	18375452.0
	14.0	15.0	16.0	17.0	18.0	19.0	20.0	21.0	22.0	23.0	24.0	25.0	26.0	27.0	28.0	29.0	30.0	31.0	32.0	33.0	34.0	35.0	36.0	37.0
GLDS-375_rna-seq_GC2-1R_R1_raw	3.0	29.0	77.0	246.0	524.0	1289.0	2774.0	5697.0	11846.0	25442.0	51753.0	102535.0	180946.0	306516.0	472904.0	720954.0	998450.0	1430679.0	2000162.0	3111358.0	5126081.0	11027201.0	71355987.0	32483312.0
	3.0	4.0	5.0	6.0	7.0	8.0	9.0	10.0	11.0	12.0	13.0	14.0	15.0	16.0	17.0	18.0	19.0	20.0	21.0	22.0	23.0	24.0	25.0	26.0	27.0	28.0	29.0	30.0	31.0	32.0	33.0	34.0	35.0	36.0	37.0
GLDS-375_rna-seq_GC2-1R_R2_raw	2.0	21.0	134.0	208.0	305.0	361.0	362.0	346.0	751.0	11287.0	96708.0	252588.0	314939.0	267464.0	202502.0	154771.0	148047.0	170194.0	234770.0	309733.0	393691.0	427985.0	450968.0	462874.0	523173.0	620776.0	823756.0	1100254.0	1604782.0	2310876.0	3658679.0	5968121.0	13280239.0	73585845.0	22039253.0
	14.0	15.0	16.0	17.0	18.0	19.0	20.0	21.0	22.0	23.0	24.0	25.0	26.0	27.0	28.0	29.0	30.0	31.0	32.0	33.0	34.0	35.0	36.0	37.0
GLDS-375_rna-seq_GC2-1S_R1_raw	2.0	32.0	77.0	208.0	409.0	746.0	1519.0	3262.0	7194.0	17475.0	38427.0	82063.0	156946.0	283961.0	459902.0	721435.0	1031118.0	1502188.0	2125069.0	3335431.0	5525152.0	12029779.0	74590578.0	28592434.0
	3.0	4.0	5.0	6.0	7.0	8.0	9.0	10.0	11.0	12.0	13.0	14.0	15.0	16.0	17.0	18.0	19.0	20.0	21.0	22.0	23.0	24.0	25.0	26.0	27.0	28.0	29.0	30.0	31.0	32.0	33.0	34.0	35.0	36.0	37.0
GLDS-375_rna-seq_GC2-1S_R2_raw	5.0	44.0	161.0	287.0	351.0	344.0	385.0	404.0	724.0	7636.0	70559.0	195589.0	252328.0	230148.0	192311.0	161631.0	156173.0	168538.0	224913.0	308528.0	424261.0	495279.0	532261.0	530239.0	587748.0	695909.0	925665.0	1246520.0	1810404.0	2591988.0	4074475.0	6639270.0	14794264.0	74094746.0	19091319.0
	14.0	15.0	16.0	17.0	18.0	19.0	20.0	21.0	22.0	23.0	24.0	25.0	26.0	27.0	28.0	29.0	30.0	31.0	32.0	33.0	34.0	35.0	36.0	37.0
GLDS-375_rna-seq_GC3-1R_R1_raw	4.0	28.0	87.0	240.0	496.0	1265.0	2521.0	5356.0	10564.0	21388.0	42784.0	82477.0	148211.0	258439.0	405669.0	619427.0	860917.0	1226464.0	1708138.0	2649860.0	4359259.0	9427615.0	62403794.0	26653539.0
	3.0	4.0	5.0	6.0	7.0	8.0	9.0	10.0	11.0	12.0	13.0	14.0	15.0	16.0	17.0	18.0	19.0	20.0	21.0	22.0	23.0	24.0	25.0	26.0	27.0	28.0	29.0	30.0	31.0	32.0	33.0	34.0	35.0	36.0	37.0
GLDS-375_rna-seq_GC3-1R_R2_raw	7.0	54.0	130.0	222.0	296.0	321.0	286.0	326.0	1099.0	28728.0	232393.0	528724.0	569957.0	444155.0	319325.0	236125.0	220212.0	246960.0	330790.0	430148.0	540967.0	559796.0	543549.0	505129.0	523545.0	585161.0	745516.0	970591.0	1387155.0	1959931.0	3054400.0	4931363.0	10935013.0	61198685.0	18857483.0
	14.0	15.0	16.0	17.0	18.0	19.0	20.0	21.0	22.0	23.0	24.0	25.0	26.0	27.0	28.0	29.0	30.0	31.0	32.0	33.0	34.0	35.0	36.0	37.0
GLDS-375_rna-seq_GC3-1S_R1_raw	3.0	21.0	73.0	209.0	462.0	929.0	1879.0	4109.0	8950.0	20681.0	44925.0	92987.0	167066.0	288414.0	449732.0	689152.0	964700.0	1391619.0	1960736.0	3071653.0	5098065.0	11107768.0	69982644.0	27504288.0
	3.0	4.0	5.0	6.0	7.0	8.0	9.0	10.0	11.0	12.0	13.0	14.0	15.0	16.0	17.0	18.0	19.0	20.0	21.0	22.0	23.0	24.0	25.0	26.0	27.0	28.0	29.0	30.0	31.0	32.0	33.0	34.0	35.0	36.0	37.0
GLDS-375_rna-seq_GC3-1S_R2_raw	7.0	40.0	127.0	228.0	319.0	328.0	336.0	316.0	775.0	11015.0	96419.0	261489.0	349081.0	334446.0	285793.0	235977.0	221512.0	238312.0	313610.0	424949.0	576687.0	660379.0	688140.0	653839.0	673411.0	747100.0	947865.0	1232801.0	1753442.0	2476837.0	3857099.0	6241058.0	13780882.0	68136808.0	17649638.0
	14.0	15.0	16.0	17.0	18.0	19.0	20.0	21.0	22.0	23.0	24.0	25.0	26.0	27.0	28.0	29.0	30.0	31.0	32.0	33.0	34.0	35.0	36.0	37.0
GLDS-375_rna-seq_GC4-1R_R1_raw	5.0	29.0	78.0	268.0	599.0	1336.0	2815.0	5666.0	11102.0	23197.0	47062.0	93258.0	164465.0	282124.0	437528.0	662312.0	920047.0	1314468.0	1833492.0	2853540.0	4679997.0	10075301.0	65295590.0	28306759.0
	3.0	4.0	5.0	6.0	7.0	8.0	9.0	10.0	11.0	12.0	13.0	14.0	15.0	16.0	17.0	18.0	19.0	20.0	21.0	22.0	23.0	24.0	25.0	26.0	27.0	28.0	29.0	30.0	31.0	32.0	33.0	34.0	35.0	36.0	37.0
GLDS-375_rna-seq_GC4-1R_R2_raw	2.0	30.0	103.0	212.0	283.0	346.0	334.0	340.0	719.0	11699.0	93497.0	222044.0	250989.0	203778.0	152420.0	116452.0	112786.0	131837.0	182715.0	248206.0	329369.0	379264.0	418440.0	435684.0	492916.0	583035.0	774393.0	1039793.0	1512841.0	2165721.0	3397685.0	5509380.0	12277731.0	66412434.0	19553560.0
	13.0	14.0	15.0	16.0	17.0	18.0	19.0	20.0	21.0	22.0	23.0	24.0	25.0	26.0	27.0	28.0	29.0	30.0	31.0	32.0	33.0	34.0	35.0	36.0	37.0
GLDS-375_rna-seq_GC4-1S_R1_raw	1.0	3.0	22.0	81.0	223.0	465.0	1005.0	2041.0	4498.0	9792.0	21871.0	46657.0	95732.0	173116.0	300570.0	473065.0	734198.0	1040914.0	1521713.0	2165327.0	3409697.0	5685750.0	12495890.0	75560701.0	26327938.0
	3.0	4.0	5.0	6.0	7.0	8.0	9.0	10.0	11.0	12.0	13.0	14.0	15.0	16.0	17.0	18.0	19.0	20.0	21.0	22.0	23.0	24.0	25.0	26.0	27.0	28.0	29.0	30.0	31.0	32.0	33.0	34.0	35.0	36.0	37.0
GLDS-375_rna-seq_GC4-1S_R2_raw	4.0	40.0	167.0	278.0	361.0	389.0	367.0	384.0	1178.0	24106.0	204882.0	508354.0	619118.0	548935.0	454643.0	369790.0	339525.0	346661.0	429751.0	565072.0	767689.0	880099.0	875582.0	789878.0	796107.0	881419.0	1113071.0	1437700.0	2027576.0	2827239.0	4359260.0	7013619.0	15335172.0	69680435.0	16872419.0
	12.0	13.0	14.0	15.0	16.0	17.0	18.0	19.0	20.0	21.0	22.0	23.0	24.0	25.0	26.0	27.0	28.0	29.0	30.0	31.0	32.0	33.0	34.0	35.0	36.0	37.0
GLDS-375_rna-seq_GC5-1R_S8_L002_R1_raw	1.0	1.0	3.0	12.0	33.0	94.0	209.0	390.0	960.0	2754.0	6875.0	15219.0	28171.0	52685.0	90420.0	153938.0	236289.0	346526.0	471204.0	627649.0	797579.0	1068370.0	1523436.0	3074074.0	18186395.0	1975509.0
	11.0	12.0	13.0	14.0	15.0	16.0	17.0	18.0	19.0	20.0	21.0	22.0	23.0	24.0	25.0	26.0	27.0	28.0	29.0	30.0	31.0	32.0	33.0	34.0	35.0	36.0	37.0
GLDS-375_rna-seq_GC5-1R_S8_L002_R2_raw	101.0	9238.0	90102.0	199107.0	212573.0	170885.0	136550.0	114032.0	115581.0	141830.0	213689.0	292322.0	315009.0	275733.0	246888.0	236530.0	253444.0	285977.0	346516.0	430603.0	574882.0	788900.0	1202066.0	2079510.0	5055946.0	14308867.0	561915.0
	14.0	15.0	16.0	17.0	18.0	19.0	20.0	21.0	22.0	23.0	24.0	25.0	26.0	27.0	28.0	29.0	30.0	31.0	32.0	33.0	34.0	35.0	36.0	37.0
GLDS-375_rna-seq_GC5-1S_S7_L002_R1_raw	3.0	13.0	39.0	86.0	159.0	255.0	663.0	1913.0	5605.0	13139.0	25584.0	46797.0	81867.0	139943.0	218372.0	320483.0	434577.0	574659.0	723597.0	963345.0	1386012.0	2853465.0	14842352.0	1261840.0
	11.0	12.0	13.0	14.0	15.0	16.0	17.0	18.0	19.0	20.0	21.0	22.0	23.0	24.0	25.0	26.0	27.0	28.0	29.0	30.0	31.0	32.0	33.0	34.0	35.0	36.0	37.0
GLDS-375_rna-seq_GC5-1S_S7_L002_R2_raw	45.0	6363.0	76916.0	191253.0	217175.0	179467.0	142391.0	116236.0	113127.0	132577.0	197396.0	281978.0	319136.0	285971.0	252679.0	234717.0	247906.0	274615.0	329361.0	402927.0	527893.0	709483.0	1080488.0	1895838.0	4585074.0	10747583.0	346173.0
	15.0	16.0	17.0	18.0	19.0	20.0	21.0	22.0	23.0	24.0	25.0	26.0	27.0	28.0	29.0	30.0	31.0	32.0	33.0	34.0	35.0	36.0	37.0
GLDS-375_rna-seq_GC6-1R_R1_raw	25.0	94.0	261.0	588.0	1558.0	3212.0	6309.0	11544.0	24273.0	48002.0	94533.0	169326.0	294438.0	460872.0	704117.0	979786.0	1404260.0	1954784.0	3033065.0	4997539.0	10791000.0	71535257.0	31850156.0
	3.0	4.0	5.0	6.0	7.0	8.0	9.0	10.0	11.0	12.0	13.0	14.0	15.0	16.0	17.0	18.0	19.0	20.0	21.0	22.0	23.0	24.0	25.0	26.0	27.0	28.0	29.0	30.0	31.0	32.0	33.0	34.0	35.0	36.0	37.0
GLDS-375_rna-seq_GC6-1R_R2_raw	7.0	45.0	139.0	233.0	325.0	357.0	344.0	348.0	852.0	15673.0	117147.0	259134.0	285029.0	228028.0	168051.0	127318.0	121977.0	141071.0	191782.0	256010.0	338576.0	385622.0	427353.0	447439.0	514432.0	619750.0	835496.0	1130557.0	1648607.0	2366833.0	3728643.0	6073480.0	13639561.0	73366801.0	20927979.0
	14.0	15.0	16.0	17.0	18.0	19.0	20.0	21.0	22.0	23.0	24.0	25.0	26.0	27.0	28.0	29.0	30.0	31.0	32.0	33.0	34.0	35.0	36.0	37.0
GLDS-375_rna-seq_GC6-1S_R1_raw	1.0	12.0	61.0	180.0	381.0	785.0	1479.0	3123.0	6955.0	16274.0	36093.0	78979.0	149580.0	270468.0	437377.0	686460.0	983010.0	1442138.0	2061516.0	3258245.0	5420844.0	11887953.0	71572247.0	25259697.0
	3.0	4.0	5.0	6.0	7.0	8.0	9.0	10.0	11.0	12.0	13.0	14.0	15.0	16.0	17.0	18.0	19.0	20.0	21.0	22.0	23.0	24.0	25.0	26.0	27.0	28.0	29.0	30.0	31.0	32.0	33.0	34.0	35.0	36.0	37.0
GLDS-375_rna-seq_GC6-1S_R2_raw	3.0	40.0	131.0	242.0	288.0	339.0	359.0	348.0	618.0	6220.0	56067.0	160314.0	219922.0	218416.0	198686.0	172808.0	166216.0	177307.0	233922.0	323539.0	455217.0	549280.0	605571.0	600881.0	638318.0	728806.0	947923.0	1259339.0	1813597.0	2583008.0	4036420.0	6569304.0	14459836.0	68609451.0	17781122.0
	14.0	15.0	16.0	17.0	18.0	19.0	20.0	21.0	22.0	23.0	24.0	25.0	26.0	27.0	28.0	29.0	30.0	31.0	32.0	33.0	34.0	35.0	36.0	37.0
GLDS-375_rna-seq_GC7-1R_R1_raw	5.0	25.0	75.0	229.0	537.0	1132.0	2301.0	4491.0	8885.0	19939.0	41177.0	85854.0	158214.0	280728.0	446457.0	686852.0	964370.0	1386291.0	1933406.0	3002966.0	4934291.0	10647796.0	70177358.0	29773439.0
	3.0	4.0	5.0	6.0	7.0	8.0	9.0	10.0	11.0	12.0	13.0	14.0	15.0	16.0	17.0	18.0	19.0	20.0	21.0	22.0	23.0	24.0	25.0	26.0	27.0	28.0	29.0	30.0	31.0	32.0	33.0	34.0	35.0	36.0	37.0
GLDS-375_rna-seq_GC7-1R_R2_raw	1.0	45.0	132.0	239.0	369.0	366.0	381.0	382.0	648.0	7489.0	61296.0	153317.0	181759.0	154673.0	120172.0	94497.0	92434.0	107321.0	152245.0	216548.0	299050.0	354131.0	401103.0	427985.0	493860.0	600920.0	810772.0	1099993.0	1611303.0	2314427.0	3640229.0	5915810.0	13200076.0	71509301.0	20533544.0
	14.0	15.0	16.0	17.0	18.0	19.0	20.0	21.0	22.0	23.0	24.0	25.0	26.0	27.0	28.0	29.0	30.0	31.0	32.0	33.0	34.0	35.0	36.0	37.0
GLDS-375_rna-seq_GC7-1S_R1_raw	2.0	21.0	63.0	215.0	428.0	754.0	1450.0	3049.0	6555.0	15219.0	34802.0	76372.0	145016.0	263559.0	430917.0	679143.0	972136.0	1423306.0	2025404.0	3184250.0	5293952.0	11564345.0	70508226.0	25390631.0
	3.0	4.0	5.0	6.0	7.0	8.0	9.0	10.0	11.0	12.0	13.0	14.0	15.0	16.0	17.0	18.0	19.0	20.0	21.0	22.0	23.0	24.0	25.0	26.0	27.0	28.0	29.0	30.0	31.0	32.0	33.0	34.0	35.0	36.0	37.0
GLDS-375_rna-seq_GC7-1S_R2_raw	4.0	37.0	112.0	250.0	309.0	297.0	287.0	337.0	644.0	6704.0	58819.0	160285.0	212720.0	201905.0	175417.0	148876.0	144567.0	156078.0	208140.0	293018.0	419169.0	512220.0	574761.0	581026.0	629917.0	730867.0	962414.0	1284922.0	1855530.0	2633097.0	4109803.0	6689269.0	14898954.0	68430022.0	15939038.0
	14.0	15.0	16.0	17.0	18.0	19.0	20.0	21.0	22.0	23.0	24.0	25.0	26.0	27.0	28.0	29.0	30.0	31.0	32.0	33.0	34.0	35.0	36.0	37.0
GLDS-375_rna-seq_GC8-1R_R1_raw	3.0	20.0	47.0	111.0	244.0	551.0	1390.0	3533.0	9119.0	23712.0	54437.0	117227.0	214557.0	372551.0	583573.0	896793.0	1261904.0	1827471.0	2582086.0	4040762.0	6666282.0	14278547.0	91839269.0	43132057.0
	3.0	4.0	5.0	6.0	7.0	8.0	9.0	10.0	11.0	12.0	13.0	14.0	15.0	16.0	17.0	18.0	19.0	20.0	21.0	22.0	23.0	24.0	25.0	26.0	27.0	28.0	29.0	30.0	31.0	32.0	33.0	34.0	35.0	36.0	37.0
GLDS-375_rna-seq_GC8-1R_R2_raw	4.0	45.0	158.0	304.0	454.0	459.0	451.0	468.0	919.0	15588.0	120555.0	258309.0	261713.0	183968.0	121328.0	90134.0	92989.0	119598.0	176771.0	244175.0	310166.0	341950.0	382884.0	432049.0	539733.0	694202.0	967304.0	1344565.0	2016311.0	2967511.0	4777096.0	7904131.0	18492392.0	99722883.0	25324679.0
	13.0	14.0	15.0	16.0	17.0	18.0	19.0	20.0	21.0	22.0	23.0	24.0	25.0	26.0	27.0	28.0	29.0	30.0	31.0	32.0	33.0	34.0	35.0	36.0	37.0
GLDS-375_rna-seq_GC8-1S_R1_raw	2.0	0.0	17.0	63.0	194.0	374.0	711.0	1329.0	2827.0	6217.0	14892.0	34367.0	75601.0	145214.0	265299.0	430017.0	682174.0	980769.0	1441486.0	2064577.0	3262280.0	5432132.0	11951531.0	70417179.0	23441274.0
	3.0	4.0	5.0	6.0	7.0	8.0	9.0	10.0	11.0	12.0	13.0	14.0	15.0	16.0	17.0	18.0	19.0	20.0	21.0	22.0	23.0	24.0	25.0	26.0	27.0	28.0	29.0	30.0	31.0	32.0	33.0	34.0	35.0	36.0	37.0
GLDS-375_rna-seq_GC8-1S_R2_raw	3.0	32.0	146.0	225.0	346.0	357.0	345.0	328.0	542.0	3573.0	30378.0	86474.0	120825.0	122899.0	114397.0	103464.0	103239.0	112901.0	148896.0	209144.0	305080.0	384434.0	442745.0	466729.0	536672.0	657342.0	896317.0	1223077.0	1788795.0	2563177.0	4026185.0	6556051.0	14491025.0	68176234.0	16978149.0
	13.0	14.0	15.0	16.0	17.0	18.0	19.0	20.0	21.0	22.0	23.0	24.0	25.0	26.0	27.0	28.0	29.0	30.0	31.0	32.0	33.0	34.0	35.0	36.0	37.0
GLDS-375_rna-seq_GC9-1R_S12_L002_R1_raw	1.0	1.0	10.0	54.0	106.0	203.0	420.0	954.0	2634.0	6420.0	14465.0	29334.0	57909.0	105189.0	182235.0	282980.0	416572.0	568387.0	758772.0	968477.0	1309646.0	1902371.0	4000037.0	22813128.0	2133317.0
	11.0	12.0	13.0	14.0	15.0	16.0	17.0	18.0	19.0	20.0	21.0	22.0	23.0	24.0	25.0	26.0	27.0	28.0	29.0	30.0	31.0	32.0	33.0	34.0	35.0	36.0	37.0
GLDS-375_rna-seq_GC9-1R_S12_L002_R2_raw	51.0	4805.0	48393.0	111986.0	119205.0	94705.0	74982.0	64067.0	65331.0	85253.0	137381.0	195905.0	223872.0	215579.0	217304.0	230913.0	270186.0	324584.0	416311.0	538983.0	741079.0	1029053.0	1590448.0	2779361.0	6748656.0	18448606.0	776623.0
	14.0	15.0	16.0	17.0	18.0	19.0	20.0	21.0	22.0	23.0	24.0	25.0	26.0	27.0	28.0	29.0	30.0	31.0	32.0	33.0	34.0	35.0	36.0	37.0
GLDS-375_rna-seq_GC9-1S_S11_L002_R1_raw	1.0	8.0	23.0	52.0	106.0	211.0	485.0	1279.0	3326.0	8123.0	17539.0	35479.0	65070.0	114864.0	182216.0	269927.0	367373.0	490356.0	623645.0	839109.0	1224033.0	2579894.0	13752543.0	1170230.0
	11.0	12.0	13.0	14.0	15.0	16.0	17.0	18.0	19.0	20.0	21.0	22.0	23.0	24.0	25.0	26.0	27.0	28.0	29.0	30.0	31.0	32.0	33.0	34.0	35.0	36.0	37.0
GLDS-375_rna-seq_GC9-1S_S11_L002_R2_raw	28.0	2326.0	25656.0	59904.0	66067.0	53726.0	42877.0	35672.0	35314.0	42878.0	66080.0	98265.0	121053.0	123801.0	129386.0	138793.0	166115.0	203604.0	263019.0	343103.0	472738.0	656440.0	1019982.0	1804671.0	4442913.0	10935394.0	396087.0
	14.0	15.0	16.0	17.0	18.0	19.0	20.0	21.0	22.0	23.0	24.0	25.0	26.0	27.0	28.0	29.0	30.0	31.0	32.0	33.0	34.0	35.0	36.0	37.0
GLDS-375_rna-seq_Plantctrl_rep1_R1_raw	3.0	9.0	36.0	138.0	276.0	551.0	1140.0	2730.0	7281.0	19003.0	43762.0	96372.0	179856.0	322814.0	517901.0	806592.0	1142920.0	1655387.0	2338133.0	3652925.0	6003696.0	12896296.0	77957461.0	27651894.0
	3.0	4.0	5.0	6.0	7.0	8.0	9.0	10.0	11.0	12.0	13.0	14.0	15.0	16.0	17.0	18.0	19.0	20.0	21.0	22.0	23.0	24.0	25.0	26.0	27.0	28.0	29.0	30.0	31.0	32.0	33.0	34.0	35.0	36.0	37.0
GLDS-375_rna-seq_Plantctrl_rep1_R2_raw	5.0	41.0	155.0	304.0	348.0	388.0	402.0	431.0	637.0	6368.0	49756.0	129680.0	168655.0	150881.0	121827.0	98444.0	91324.0	97783.0	129371.0	184060.0	269584.0	345325.0	415040.0	465249.0	575044.0	735222.0	1023604.0	1399655.0	2045831.0	2922375.0	4564885.0	7415593.0	16713709.0	77749485.0	17425715.0
	13.0	14.0	15.0	16.0	17.0	18.0	19.0	20.0	21.0	22.0	23.0	24.0	25.0	26.0	27.0	28.0	29.0	30.0	31.0	32.0	33.0	34.0	35.0	36.0	37.0
GLDS-375_rna-seq_Plantctrl_rep2_R1_raw	1.0	3.0	14.0	40.0	140.0	318.0	595.0	1302.0	3166.0	8416.0	22084.0	51925.0	112530.0	207951.0	365199.0	578946.0	896508.0	1274129.0	1849016.0	2608833.0	4080899.0	6708478.0	14422334.0	85916642.0	30007788.0
	3.0	4.0	5.0	6.0	7.0	8.0	9.0	10.0	11.0	12.0	13.0	14.0	15.0	16.0	17.0	18.0	19.0	20.0	21.0	22.0	23.0	24.0	25.0	26.0	27.0	28.0	29.0	30.0	31.0	32.0	33.0	34.0	35.0	36.0	37.0
GLDS-375_rna-seq_Plantctrl_rep2_R2_raw	3.0	74.0	187.0	336.0	408.0	454.0	442.0	477.0	771.0	7377.0	57537.0	141408.0	171358.0	145869.0	114976.0	92919.0	90613.0	99698.0	135731.0	194558.0	290132.0	380171.0	466732.0	532922.0	659280.0	845626.0	1173159.0	1601828.0	2335684.0	3323511.0	5181384.0	8402904.0	18695690.0	84935867.0	19037171.0
	14.0	15.0	16.0	17.0	18.0	19.0	20.0	21.0	22.0	23.0	24.0	25.0	26.0	27.0	28.0	29.0	30.0	31.0	32.0	33.0	34.0	35.0	36.0	37.0
GLDS-375_rna-seq_Plantctrl_rep3_R1_raw	1.0	9.0	31.0	75.0	230.0	480.0	1240.0	3817.0	9981.0	26526.0	60620.0	128941.0	236979.0	414268.0	653249.0	1007167.0	1420753.0	2052642.0	2891291.0	4526081.0	7453937.0	15954179.0	99429568.0	40843993.0
	3.0	4.0	5.0	6.0	7.0	8.0	9.0	10.0	11.0	12.0	13.0	14.0	15.0	16.0	17.0	18.0	19.0	20.0	21.0	22.0	23.0	24.0	25.0	26.0	27.0	28.0	29.0	30.0	31.0	32.0	33.0	34.0	35.0	36.0	37.0
GLDS-375_rna-seq_Plantctrl_rep3_R2_raw	2.0	60.0	173.0	335.0	451.0	503.0	465.0	496.0	1147.0	17091.0	143422.0	356054.0	430292.0	357221.0	269288.0	207432.0	193966.0	211523.0	286278.0	394457.0	525223.0	599766.0	648150.0	666933.0	765090.0	931291.0	1251894.0	1680493.0	2443996.0	3503113.0	5506717.0	8968960.0	20163277.0	101478666.0	25111833.0

