Sample	0.0	1.0	2.0	3.0	4.0	5.0	6.0	7.0	8.0	9.0	10.0	11.0	12.0	13.0	14.0	15.0	16.0	17.0	18.0	19.0	20.0	21.0	22.0	23.0	24.0	25.0	26.0	27.0	28.0	29.0	30.0	31.0	32.0	33.0	34.0	35.0	36.0	37.0	38.0	39.0	40.0	41.0	42.0	43.0	44.0	45.0	46.0	47.0	48.0	49.0	50.0	51.0	52.0	53.0	54.0	55.0	56.0	57.0	58.0	59.0	60.0	61.0	62.0	63.0	64.0	65.0	66.0	67.0	68.0	69.0	70.0	71.0	72.0	73.0	74.0	75.0	76.0	77.0	78.0	79.0	80.0	81.0	82.0	83.0	84.0	85.0	86.0	87.0	88.0	89.0	90.0	91.0	92.0	93.0	94.0	95.0	96.0	97.0	98.0	99.0	100.0
GLDS-375_rna-seq_FL1-1R_S2_L002_R1_raw	1743.0	2346.5	2917.5	2546.0	2032.5	1570.0	1108.5	861.0	740.0	661.0	572.5	510.5	488.0	457.0	446.0	438.5	422.5	434.0	537.5	785.5	1139.5	1700.5	2195.5	2921.5	4874.0	8209.0	12459.5	18380.5	28024.5	41591.0	59498.5	84316.5	116265.5	156211.0	207370.0	272217.0	381480.5	462762.0	514872.0	603129.0	682310.5	752292.0	836396.0	894912.5	925462.0	953423.0	993224.0	1034150.0	1026896.0	1019956.0	1032754.5	1008007.5	961853.0	956758.5	924724.0	863815.0	832864.0	816816.0	775189.0	674407.0	579355.0	507072.5	452448.0	406906.5	393505.5	377990.5	267748.5	170080.5	140038.5	103337.0	74166.5	60633.0	38834.0	23299.0	15900.5	11368.5	7978.5	3519.0	1182.0	473.5	166.0	84.5	59.5	42.5	32.0	22.5	18.5	10.5	10.0	8.5	8.5	9.5	5.0	5.5	9.0	8.0	4.5	15.5	44.0	35.5	5.0
GLDS-375_rna-seq_FL1-1R_S2_L002_R2_raw	3793.0	4907.0	6825.5	8268.0	9272.5	9906.0	10536.0	11039.5	11378.5	11656.0	11843.5	11962.0	12149.0	12217.0	12060.5	12068.0	12272.5	12451.5	12677.5	13176.0	13839.5	14702.5	15690.5	17322.5	20074.0	23899.0	29736.5	36782.5	46803.0	60286.0	78285.0	100438.5	126502.0	161671.5	207623.0	275628.0	351014.5	423309.5	500884.0	622847.5	688697.5	715697.5	817934.0	883385.0	899453.0	924169.0	938945.5	967320.5	972499.5	960230.0	935174.5	938216.0	949355.0	933342.0	881268.5	822476.5	766845.0	686326.5	665656.0	632561.0	585893.0	537818.0	473391.5	439433.0	406621.0	346034.5	266776.0	214454.0	186999.0	141459.0	131493.5	112562.5	66634.5	44507.0	30951.5	20014.5	15867.5	12061.5	9063.5	7799.5	7046.5	6999.5	6981.0	7080.0	7205.5	7249.5	7298.5	7481.0	7630.5	7721.5	7908.0	8077.0	8311.5	8637.0	8986.0	9452.5	9911.5	10580.5	11893.5	14790.5	37452.0
GLDS-375_rna-seq_FL1-1S_S1_L002_R1_raw	1604.0	1710.5	1935.5	1973.5	1786.5	1598.5	1450.0	1406.5	1361.0	1231.5	1112.5	1026.5	988.0	999.0	1035.5	1169.0	1352.0	1740.0	3337.5	5864.5	9838.5	15487.0	27501.5	33114.0	34429.5	42023.0	61893.0	85669.5	121863.0	156846.0	180822.5	224973.0	270764.5	306995.5	382858.0	472556.0	609999.0	803780.0	873991.0	846432.0	902419.5	997851.5	1079558.5	1165220.0	1173344.5	1100850.5	1018922.0	976726.0	934699.0	881024.5	813212.0	719200.0	659086.5	673778.5	688795.0	661180.5	615183.5	593380.5	554057.0	478937.5	420343.5	369188.0	336176.0	296630.5	284499.5	275235.0	184568.0	106507.0	85776.0	61546.0	45858.0	35255.5	22249.0	16524.0	12858.5	8452.0	5246.0	2818.0	1331.0	500.0	148.0	80.0	50.5	35.0	26.0	21.5	16.0	13.0	10.0	9.5	6.5	3.0	4.5	6.0	6.5	8.0	17.5	26.0	59.0	56.0	12.0
GLDS-375_rna-seq_FL1-1S_S1_L002_R2_raw	8516.0	11091.5	15699.0	19517.5	22889.5	25507.0	27676.5	29497.0	30469.5	30907.0	31156.5	31644.5	32112.0	31913.0	31553.5	31534.5	31764.0	32086.0	33334.5	35504.5	39020.5	44419.5	47779.5	51908.5	59659.0	78176.0	114675.0	139212.0	156625.5	192841.0	235441.5	270994.0	301959.0	341998.5	420557.5	529030.0	597382.5	671774.5	761249.0	838200.5	908879.0	948700.0	1008186.0	1037536.5	1025055.5	990027.0	940322.0	913578.5	861634.5	795300.0	727875.5	676866.0	645023.5	631892.5	613816.5	575142.0	518952.5	469756.0	459560.5	452463.0	441876.5	402361.5	347185.5	313800.0	277033.5	232989.5	173012.0	125932.5	103009.5	77141.5	77615.5	68563.0	42797.5	31829.5	25444.5	19880.5	17380.0	15198.0	13017.0	12098.5	11732.0	11798.0	11702.5	11593.5	11665.5	11527.0	11434.5	11545.0	11570.0	11612.5	11631.5	11677.5	11878.0	12098.5	12520.0	13063.5	13858.0	15166.0	17572.0	24000.0	79157.5
GLDS-375_rna-seq_FL10-1R_R1_raw	5266.0	5903.5	7479.0	9955.5	10918.5	8466.5	5249.0	3548.5	2798.0	2093.0	1624.0	1421.0	1350.5	1281.5	1289.0	1721.0	2050.5	2438.5	4053.5	5105.5	6328.5	9013.0	12252.5	18184.0	28323.5	44249.5	72823.5	109154.5	163987.0	244089.0	355318.5	494714.5	653434.0	868499.5	1171945.5	1498289.0	1870506.0	2353706.0	2861371.0	3421695.5	4051540.5	4605121.5	5008254.5	5329759.0	5627395.5	5899854.5	6056996.5	6043386.0	5867519.0	5575223.5	5252357.0	5054313.5	4920595.5	4678084.5	4330991.5	4077256.5	3964325.0	3776039.0	3767528.0	3955038.5	3768972.0	3209082.0	2671583.5	3335984.0	4412853.0	4437958.0	2839572.0	1274879.5	1047738.5	831474.5	721739.0	571906.0	381497.5	297163.0	198132.5	112945.0	82173.0	53589.0	24226.0	11834.5	4044.5	2172.0	1387.5	965.5	736.5	609.5	533.0	454.0	343.5	274.0	198.0	126.0	90.5	59.5	40.5	28.5	27.5	39.5	67.0	72.0	34.0
GLDS-375_rna-seq_FL10-1R_R2_raw	21709.0	20116.5	19311.5	23590.5	30377.0	36653.5	43069.0	50334.5	58154.0	65784.0	73311.5	80732.0	87421.0	93635.5	98990.0	103538.5	107979.0	111606.0	114162.5	116402.0	118780.5	122124.5	126085.5	131991.0	145230.5	168994.5	193024.5	225210.0	286809.0	377815.0	494684.0	671407.0	898952.5	1200796.5	1572893.5	1949699.0	2442609.5	2959894.0	3468715.5	4006788.0	4527870.5	5004957.5	5378053.5	5667672.5	5850406.5	5929430.0	5923867.0	5841924.0	5683777.0	5363975.0	5068258.0	4898497.0	4619515.0	4309095.5	3953228.5	3617766.0	3545179.0	3376416.0	3059485.0	3207049.0	3335150.5	2774975.5	2226568.0	2027115.5	3637338.5	5065165.5	2930122.5	918410.5	727041.0	584409.0	462642.0	379802.0	272306.5	189147.0	137580.0	100115.0	74587.5	52953.0	37187.5	26943.0	21432.5	19313.0	17956.0	17113.0	16517.0	16048.5	15401.0	14791.5	14379.0	13964.0	13700.0	13520.0	13250.0	13315.0	13771.0	14381.5	15752.5	18151.0	22784.5	34935.5	232705.0
GLDS-375_rna-seq_FL10-1S_R1_raw	7716.0	8608.5	10744.0	14953.0	17604.0	13433.0	7225.5	4236.5	2931.0	1740.0	1091.5	902.0	824.5	943.5	1884.5	3432.0	4974.5	8366.5	18764.5	29083.0	44082.5	61597.0	70222.0	100604.0	151971.0	256827.0	540866.5	657756.5	656462.5	884837.0	1117814.5	1325451.0	1533512.5	1791041.5	2443769.0	3182323.0	3355480.5	3628556.5	4144997.5	4512246.0	4885164.5	5082252.0	5133753.0	5257479.5	5363727.5	5289056.0	5193215.5	4951527.0	4467975.0	3999909.5	3587414.0	3199572.0	2808261.0	2547896.5	2394728.0	2279119.0	2109716.5	1856587.5	1939204.0	2150975.5	1936170.0	1514801.5	1217576.0	1417226.0	1751662.0	1656898.5	1036970.5	505484.5	418257.5	296530.5	270885.5	225755.0	126238.5	89246.5	57205.0	32592.0	24131.5	15845.0	6508.5	2834.0	1121.5	765.0	559.0	438.5	378.5	326.5	323.5	346.0	307.5	220.5	144.0	100.0	61.0	34.0	24.5	18.0	33.0	83.0	203.0	210.5	84.0
GLDS-375_rna-seq_FL10-1S_R2_raw	38836.0	28795.5	16827.5	14651.5	14023.0	12469.0	10842.0	10529.5	10776.0	11292.0	12151.0	13368.5	14915.5	16842.5	19220.5	22171.5	25630.5	30216.5	41222.5	58593.0	86614.5	124808.0	189103.0	209139.5	224164.0	258093.0	334281.5	463209.5	642354.0	780436.5	894734.0	1208916.0	1480821.0	1630160.0	2026733.0	2553040.5	3197638.0	4348889.5	4981869.0	4644508.0	4632698.5	5000831.5	5293545.5	5773510.5	5999030.5	5633698.5	5140475.5	4835995.0	4525354.5	4016151.5	3514271.0	3112097.0	2781120.5	2626217.0	2423014.0	2374858.0	2331417.0	1946196.0	1637272.0	1696817.0	1815371.0	1476746.5	1115047.0	975454.5	1526830.0	2041913.0	1182032.0	373828.5	295262.0	222920.5	176873.0	141703.5	94572.5	69813.0	49646.0	31473.5	22412.0	15306.0	10232.0	6490.5	4395.5	3905.0	3574.5	3290.0	3026.5	2811.5	2549.5	2319.5	2078.0	1795.0	1602.5	1450.5	1318.0	1235.5	1187.5	1153.5	1151.0	1245.5	1520.5	2316.5	28865.5
GLDS-375_rna-seq_FL11-1R_S14_L002_R1_raw	1880.0	2138.5	2504.0	2388.0	1949.5	1604.0	1385.5	1241.0	1133.0	1049.5	928.5	820.0	768.5	724.5	698.0	672.0	682.0	763.5	1054.5	1564.0	2338.0	3195.5	4521.0	6194.5	8714.0	12561.0	18902.5	27839.5	43424.0	63322.0	84786.5	115971.5	155209.5	200606.0	262067.0	332242.5	415780.0	508594.0	591467.5	671044.0	761479.0	852916.5	926072.5	983280.0	1015981.5	1023610.5	1005565.5	970678.0	938742.5	897476.0	842926.0	786438.5	727085.0	676615.0	628537.5	578963.5	559916.0	627035.0	636278.0	580778.5	544601.5	464385.0	424468.5	415492.5	492487.5	547023.5	380241.5	232377.0	199840.0	163027.5	142070.5	121364.0	85632.5	61421.5	43876.5	31136.5	22611.5	14247.0	7465.0	2993.0	891.5	330.0	162.5	90.0	39.5	26.0	27.0	19.5	15.0	12.0	8.5	9.0	7.5	4.5	5.0	9.5	12.0	18.0	46.5	44.0	13.5
GLDS-375_rna-seq_FL11-1R_S14_L002_R2_raw	6778.0	8914.0	12491.0	15181.5	17272.0	18863.0	20479.0	21772.0	22626.0	23133.0	23527.0	23979.0	24203.0	24265.0	24344.0	24456.0	24457.0	24509.5	24575.5	24932.5	25926.5	27161.0	28341.0	30081.0	33486.0	39918.5	51345.0	61289.5	72517.5	91342.0	114914.0	140619.0	170594.0	210610.0	261921.5	322286.5	386516.5	461780.5	543727.0	628820.5	710301.5	788287.0	858673.0	901142.5	926620.0	936785.0	927296.5	905671.0	866754.5	821898.5	767535.5	719004.0	683485.0	632609.0	574777.5	533417.0	495245.0	472883.5	494935.5	547092.0	588011.0	555095.5	506102.5	512710.5	503808.0	447146.5	345516.0	265088.0	227894.5	183479.5	173330.0	151911.0	114527.5	98588.5	72233.5	46886.5	40073.5	31201.5	19538.5	14827.5	12253.0	11639.0	11360.0	11310.0	11346.5	11419.5	11505.5	11545.0	11622.5	11780.0	11765.0	11913.5	12363.0	12787.0	13146.0	13618.5	14515.5	15947.5	18684.5	24795.5	74487.5
GLDS-375_rna-seq_FL11-1S_S13_L002_R1_raw	2182.0	2826.0	3530.5	3265.0	2643.5	2055.0	1554.5	1295.5	1193.0	1055.0	917.0	845.5	809.0	759.5	749.0	903.5	1109.5	1428.0	3022.0	5536.0	9293.5	13926.5	22613.0	28411.0	31518.0	41065.5	63456.0	89756.0	135048.5	179449.5	209689.5	260028.0	317424.5	366413.5	458130.0	569673.5	705927.0	909454.0	1006525.5	992005.0	1057580.5	1164176.5	1257922.0	1365224.0	1401313.0	1339273.5	1250579.5	1178988.5	1111338.0	1049904.0	972889.5	871508.5	793692.5	757980.5	727850.0	694118.0	657642.0	659859.5	636393.0	571240.0	523828.0	458988.5	419704.0	390695.0	393189.0	395170.0	287204.5	191628.5	166427.0	130604.0	108218.5	87800.0	61582.5	47123.5	35418.5	26551.0	21569.0	15691.5	9100.5	3687.0	953.0	377.5	164.0	100.0	49.5	30.0	29.0	16.0	11.0	9.5	8.5	9.0	6.0	5.0	6.5	12.0	13.5	14.5	44.5	44.5	11.5
GLDS-375_rna-seq_FL11-1S_S13_L002_R2_raw	5309.0	7062.5	10280.5	12704.0	14393.5	15801.5	17004.5	17664.5	18026.0	18397.0	18485.0	18552.5	18808.5	18875.5	19082.0	19228.0	19399.5	20136.0	21764.0	24736.5	29275.5	35367.0	39535.0	44679.5	53987.5	76847.5	123513.0	154443.0	175174.5	218777.5	270661.0	315315.5	354060.5	405628.0	499330.5	621907.0	704753.5	795852.5	906191.5	998203.5	1078826.0	1140403.5	1209325.0	1247944.5	1250386.0	1222775.0	1170713.0	1125814.5	1049631.5	969385.5	895278.5	831114.0	770532.0	709525.0	668045.5	633023.5	565011.0	501164.0	513329.0	539835.0	546994.0	508051.0	449520.5	433371.0	404937.5	352249.0	281814.5	230131.5	201820.5	156764.0	160270.5	143912.5	93091.5	71732.0	52182.0	37491.5	33552.5	26540.5	18113.5	13219.0	9206.0	8641.5	8558.5	8460.0	8440.0	8383.5	8402.5	8522.5	8558.5	8585.5	8684.0	8801.0	8919.5	9170.0	9597.0	9986.5	10424.0	11335.5	12976.0	16664.0	47462.0
GLDS-375_rna-seq_FL12-1R_R1_raw	20057.0	20338.0	23802.5	30337.5	31939.5	23977.0	13298.0	7621.5	4993.5	2800.0	1700.5	1165.0	926.5	871.0	910.0	1323.5	1686.0	2105.5	3642.0	4811.0	6103.5	8571.0	11282.0	16520.5	26104.5	40688.0	67261.0	100043.5	147114.5	218960.5	319606.5	446967.5	589070.5	778497.5	1050537.0	1333588.5	1655237.0	2070594.0	2505129.0	2979550.5	3519204.5	3985807.5	4315571.0	4572927.0	4789555.5	4988535.5	5092456.0	5061387.0	4894353.0	4589333.0	4223567.0	3938613.5	3719218.5	3466131.5	3204918.5	2983548.0	2914974.0	2833495.0	3028612.0	3480518.0	3233098.5	2615344.5	2185766.0	2447542.0	2974613.0	2883021.0	1868940.0	898174.5	696653.0	516080.5	428245.0	324615.0	200220.5	148548.5	93128.0	47495.5	31672.5	19600.5	7080.0	3102.0	1484.0	938.0	706.5	609.5	524.0	415.0	327.5	259.0	213.5	173.5	123.0	81.0	54.5	41.0	24.0	17.5	33.0	77.0	206.5	267.0	139.0
GLDS-375_rna-seq_FL12-1R_R2_raw	75191.0	58639.5	36668.0	29128.5	24062.5	17907.5	12583.0	9760.0	8467.0	7656.5	7479.0	7777.5	8345.5	9152.5	10233.0	11579.0	13107.0	14671.5	16637.5	19024.5	21736.0	24778.5	27898.0	33211.5	46659.5	68131.0	89057.5	120037.0	177729.0	261708.0	370173.0	536491.0	745596.5	1013907.0	1343663.0	1670353.0	2097382.5	2558762.5	3013662.0	3479448.0	3916428.5	4327985.0	4649703.5	4901358.0	5076608.0	5132626.5	5077058.0	4926775.5	4732825.5	4420510.5	4084435.5	3845839.0	3559755.5	3277849.0	2970167.0	2675057.5	2634758.5	2643404.0	2433165.0	2735681.0	3138063.0	2518967.5	1762546.0	1532693.0	2582222.0	3409889.5	2012048.0	760870.0	561587.5	404605.0	307084.0	236852.0	155516.0	101820.5	66619.0	40396.0	25349.5	13787.5	6715.0	3415.0	1866.0	1354.0	1099.0	959.0	900.5	833.5	775.5	760.0	736.0	711.5	695.5	646.0	610.5	611.5	623.5	627.5	659.5	772.5	927.0	1331.0	25771.5
GLDS-375_rna-seq_FL12-1S_R1_raw	11899.0	11818.0	14699.0	20471.0	21897.0	16226.5	9157.5	5535.5	3960.5	2547.5	1668.5	1372.5	1292.0	1368.5	2055.5	3349.0	4592.0	7208.0	14650.5	23079.0	36549.0	51404.5	59018.0	82468.0	123743.0	210420.0	395066.5	489283.0	546498.0	752105.0	968265.0	1157282.0	1338299.0	1546200.0	2157130.0	2854190.0	3016978.5	3376735.0	3946509.0	4288564.0	4703092.0	4905754.0	4922000.0	5090986.0	5202397.0	5017637.5	4862688.0	4592035.0	4072624.5	3613021.5	3210065.5	2832942.0	2449880.0	2224512.0	2087216.0	1973100.5	1770419.0	1485109.0	1477242.5	1532963.0	1334282.0	1043274.0	842853.5	823884.0	850702.5	779865.0	538507.0	336050.5	273990.0	188373.0	161227.0	128784.5	70407.5	45583.5	27429.0	15107.5	9815.5	5850.0	2403.0	1124.0	639.5	491.5	400.5	320.5	260.0	249.5	265.0	266.5	243.0	185.5	123.5	90.0	50.5	30.0	25.0	18.5	25.5	68.5	179.5	189.5	71.5
GLDS-375_rna-seq_FL12-1S_R2_raw	50997.0	35493.5	19560.0	21228.0	25002.0	27555.0	29670.0	32808.5	36304.5	39705.5	43588.0	47726.0	51588.0	55183.5	58678.0	62113.0	65141.5	68522.0	76763.5	90436.5	112138.5	147437.0	200338.0	211493.5	224556.0	251716.5	316996.5	424718.0	559091.0	678751.5	787029.5	1048496.0	1281901.0	1404783.5	1719337.5	2150833.0	2834572.5	4011921.0	4598714.5	4327647.5	4392751.5	4750817.5	4939309.5	5339950.0	5572475.0	5239372.5	4734703.0	4397797.5	4102595.5	3575897.0	3070312.5	2701820.5	2400867.0	2237414.0	2044876.0	2006162.0	1897885.5	1514845.5	1246175.0	1197225.5	1247534.5	1034166.5	761722.5	649024.5	773471.5	865000.5	545745.5	275871.0	221075.5	158776.5	122671.5	96335.0	65265.5	47426.5	34042.5	23708.5	17998.5	13876.5	11471.5	10087.0	9213.5	8881.0	8659.0	8452.5	8248.0	8084.0	7874.5	7754.5	7658.5	7484.5	7402.5	7381.5	7371.5	7495.0	7675.5	7971.5	8514.5	9606.5	12012.0	18503.0	185455.0
GLDS-375_rna-seq_FL2-1R_R1_raw	7710.0	8282.5	10802.0	15662.0	17957.5	13630.0	7663.0	4662.5	3182.0	1982.0	1306.0	1038.0	891.0	853.5	946.5	1488.5	1862.0	2094.5	3671.0	4768.0	5749.5	8016.0	10697.5	15268.0	23477.0	36197.0	60424.0	91419.5	134627.0	199272.0	294332.5	416597.0	549842.5	725360.5	991468.0	1266846.5	1579096.5	1995492.0	2424026.5	2903218.0	3465274.5	3936763.0	4280940.5	4560536.5	4797672.0	5042223.0	5193420.0	5208388.0	5088716.0	4832550.0	4535967.5	4329465.0	4173401.5	3947131.5	3684461.5	3492606.0	3443335.0	3328755.5	3500096.5	3996613.5	3892331.0	3239002.0	2714289.5	3400090.0	4424987.0	4421216.0	2850690.5	1334049.0	1094547.0	863547.5	762620.5	614160.5	421393.5	336778.5	223062.5	123379.5	92571.5	62359.5	23748.0	9934.0	3440.0	1842.5	1223.5	958.0	762.5	618.5	526.5	411.5	319.5	240.5	160.0	125.0	93.0	59.0	40.5	26.5	27.0	57.0	149.0	190.5	97.0
GLDS-375_rna-seq_FL2-1R_R2_raw	38965.0	29543.0	18877.5	18661.0	20342.0	21110.0	21898.0	24053.0	26797.5	29741.5	32979.5	36059.5	39001.5	41793.0	44617.0	47510.0	50527.5	52834.0	54985.5	57922.0	60819.5	63760.0	66827.5	71490.5	82777.0	102834.5	122545.0	148868.5	199005.5	274602.0	372700.5	523184.5	711734.5	961171.0	1274896.0	1579962.0	1992541.0	2455882.0	2922259.0	3396827.5	3842419.5	4262556.5	4583791.5	4859252.5	5088388.0	5200821.0	5218670.0	5129374.5	4992008.5	4721965.0	4411064.0	4261441.0	4027523.0	3750643.0	3447930.0	3160596.0	3147350.0	3183979.0	2950646.5	3203648.5	3698762.0	3099651.5	2226092.5	2001971.0	3659394.0	5119810.5	3100731.5	1129519.5	895415.0	700247.5	572255.5	475706.5	331708.0	227033.0	157246.5	106582.0	76891.0	47797.0	26806.0	16315.5	10970.0	9240.5	8338.0	7894.0	7556.0	7331.0	7037.5	6830.0	6720.0	6512.0	6293.0	6104.0	6058.5	6169.5	6330.0	6574.5	6967.0	7950.5	10006.0	15378.0	129258.5
GLDS-375_rna-seq_FL2-1S_R1_raw	6003.0	6479.0	8567.5	11730.0	12667.5	9736.0	5780.0	3780.0	2816.5	1901.0	1439.5	1242.5	1197.5	1263.0	1938.5	3333.5	4656.5	7333.0	15683.0	24438.0	37919.5	54128.5	62690.5	90275.5	145710.5	254062.5	465329.0	557057.5	601289.5	826357.0	1059991.5	1253932.5	1430624.5	1671692.5	2364378.5	3078890.0	3283588.5	3749009.0	4389834.0	4790279.0	5253304.0	5518641.0	5562329.0	5740196.0	5875767.0	5702372.0	5589238.0	5240146.5	4604805.0	4095025.5	3600063.0	3202897.5	2824936.5	2547349.5	2374164.5	2264377.5	2081056.5	1808743.0	1900117.0	2128901.0	1918159.5	1466822.0	1184827.0	1371538.0	1601518.0	1547836.5	1029578.5	526155.0	431785.5	302817.0	321334.5	282643.5	156735.0	113256.5	74631.0	44261.5	37446.0	27264.5	10940.5	4702.0	1567.0	896.5	615.0	448.0	357.5	329.0	345.0	354.5	308.5	217.0	130.0	91.5	50.0	26.0	28.5	21.0	19.0	28.5	75.0	80.0	27.0
GLDS-375_rna-seq_FL2-1S_R2_raw	28397.0	21173.0	14814.5	18779.5	25088.5	30815.5	35820.5	41243.5	46656.5	52167.5	57842.0	63849.5	69778.5	74356.5	78331.5	82601.5	86758.0	90983.0	99887.0	113351.0	135531.5	178304.5	246753.5	256603.0	261416.0	293708.0	371503.0	498224.5	652797.5	773155.5	874270.0	1157573.0	1415829.5	1561147.5	1912725.5	2352018.5	3121544.5	4518236.5	5119815.0	4765885.0	4925381.5	5362067.5	5536416.5	5975595.5	6183993.0	5791901.0	5281223.0	4900302.0	4602621.5	4026818.5	3452762.0	3065409.5	2731064.0	2586955.5	2410139.5	2319783.5	2261286.0	2011686.0	1697849.5	1665461.5	1841322.0	1535356.0	1101198.0	927396.0	1422656.5	1823124.0	1074609.0	402704.5	307402.0	230452.5	193182.0	164454.5	116456.5	86513.5	64369.0	45324.0	36464.5	29893.5	23439.0	16381.0	12580.5	11776.0	11196.0	10786.0	10595.0	10284.5	10063.5	9975.5	9831.0	9751.5	9702.5	9645.5	9665.0	9779.0	10129.5	10597.5	11451.5	13327.0	17148.5	27307.0	317803.0
GLDS-375_rna-seq_FL3-1R_R1_raw	4842.0	5398.0	6480.5	8310.5	8917.0	6675.5	4000.0	2503.5	1780.5	1205.0	884.5	733.5	702.5	713.0	762.5	1189.5	1564.0	2062.5	3756.0	5031.5	6599.5	9699.0	12989.0	19044.0	30184.0	48121.5	79954.5	117915.0	171556.5	249537.5	356930.5	492331.0	645932.0	847704.0	1135095.0	1444984.5	1795367.5	2260829.0	2738895.5	3252934.0	3833255.5	4356904.5	4719693.0	4976030.5	5243126.0	5501186.5	5658028.0	5673741.5	5546426.5	5278666.0	4945620.5	4726023.0	4576799.0	4392641.5	4150439.5	3937149.5	3873554.0	3803249.0	3954288.5	4334922.0	4086735.5	3370730.5	2790335.5	3458849.0	4386939.5	4427508.0	2928015.0	1237666.5	994776.5	783064.0	684045.5	544249.5	362942.5	280640.5	182897.0	102280.0	76114.0	49929.0	20826.5	9454.0	3257.0	1779.0	1189.0	853.5	694.5	580.0	457.5	402.0	335.5	260.5	187.0	125.0	83.0	45.0	32.5	23.0	21.5	37.5	78.0	92.5	48.5
GLDS-375_rna-seq_FL3-1R_R2_raw	20041.0	18059.0	15145.0	14960.5	16232.5	17133.0	18148.5	19912.5	22046.0	24278.0	26875.0	29568.0	32511.5	35220.5	37488.0	40043.5	42504.5	44672.0	47375.5	50572.5	53758.5	56990.5	61003.5	67194.0	82459.5	109503.0	134237.5	167858.5	231769.5	325515.5	446515.0	628558.0	862268.5	1160793.5	1533632.5	1904053.0	2390779.0	2902702.0	3379693.5	3881029.5	4364540.0	4815708.5	5173230.0	5431556.5	5604031.5	5680255.0	5659799.5	5573707.5	5434923.0	5129652.5	4816041.5	4605499.5	4334061.5	4101514.5	3814686.5	3504396.5	3439372.0	3442776.0	3241036.0	3539002.5	3810526.5	3051409.0	2316989.0	2059851.5	3753848.5	5236908.0	3009218.5	938250.0	721289.5	570112.5	449042.0	363677.0	255536.5	173442.5	122058.5	84453.5	59798.5	38191.5	23248.0	14154.5	9716.0	8275.5	7630.0	7106.0	6738.5	6552.0	6422.0	6162.0	5889.5	5733.5	5653.5	5538.0	5405.5	5332.0	5401.5	5601.5	5914.0	6524.5	7915.0	12134.5	111588.0
GLDS-375_rna-seq_FL3-1S_R1_raw	7655.0	7601.0	8868.0	12110.5	13189.0	9925.5	5838.5	3604.0	2631.0	1877.0	1330.0	1094.0	1057.0	1118.0	1730.5	2974.5	4238.0	6694.0	13893.0	21860.0	34242.5	48067.5	55793.5	77637.0	115785.0	202923.0	436596.5	521692.5	508651.0	688954.5	878395.0	1041724.0	1190229.5	1366023.5	1809874.5	2324421.5	2480940.5	2728305.0	3152213.0	3474124.0	3814126.0	4014857.0	4137635.0	4284169.0	4426710.5	4501300.5	4541939.5	4500581.0	4209154.0	3940886.0	3768892.5	3586013.5	3441163.0	3534715.5	3587330.5	3540153.5	3425879.0	3242825.5	3237210.5	3048010.5	2521824.5	1941023.0	1559958.0	1730285.5	2050885.5	2039466.0	1363221.0	668800.0	548501.0	441147.0	422666.5	348812.0	228472.5	172831.5	117762.0	74956.5	60224.0	40048.0	16734.5	7678.0	2515.5	1354.5	839.5	555.0	436.0	393.0	365.5	329.5	272.0	192.5	124.0	74.0	39.0	28.0	24.5	23.0	23.0	40.0	112.5	133.0	53.5
GLDS-375_rna-seq_FL3-1S_R2_raw	29704.0	22642.5	15697.0	18322.5	22760.5	26086.0	29146.5	32917.0	37267.5	42247.0	47623.0	52608.0	56932.0	60656.0	64032.5	67592.5	71072.0	74185.5	81457.5	93479.0	112202.5	138482.5	174662.0	185385.5	199320.0	229595.0	294383.5	392689.0	531629.5	649995.5	748475.0	973009.5	1185639.0	1334138.0	1656268.5	2069338.5	2600344.5	3392090.0	3732565.0	3538741.0	3631198.0	3901601.0	4188691.5	4563392.0	4724389.0	4529337.0	4313758.5	4360911.0	4269972.5	3990454.0	3781329.5	3508734.5	3316576.0	3473559.5	3526086.5	3439569.0	3399473.5	3016639.0	2518877.5	2450147.0	2411784.0	2031557.5	1687465.0	1401010.5	1895494.0	2445258.5	1480725.5	557884.0	443449.5	352837.0	291378.5	242535.5	171329.5	128839.0	102846.0	73614.5	53079.0	37734.5	26137.0	16268.5	10519.0	9190.0	8534.0	8185.0	7937.5	7694.0	7452.0	7267.5	7043.5	6883.0	6914.0	6952.0	7028.5	7191.0	7520.0	8063.0	8889.5	10396.0	13286.0	21047.0	208924.0
GLDS-375_rna-seq_FL4-1R_R1_raw	8205.0	8430.5	10287.5	13765.5	14889.0	11427.5	6862.5	4517.5	3354.5	2325.0	1761.5	1495.5	1380.0	1325.0	1352.5	1851.5	2188.5	2551.5	4303.5	5438.0	6705.5	9376.5	12397.5	17814.0	27620.5	42415.5	69942.0	104744.0	154038.5	227143.5	331725.0	464518.0	609799.5	801459.0	1081477.5	1372212.0	1699428.0	2127387.5	2575866.0	3072866.5	3649271.5	4135313.0	4497994.5	4780929.5	5004754.5	5243814.5	5387047.5	5362845.0	5205539.0	4934374.5	4612027.5	4396964.0	4239370.5	3974557.5	3666734.0	3464499.5	3383665.5	3237403.5	3348376.5	3715646.0	3578669.0	3000829.0	2541112.0	3033007.0	3820866.0	3796989.0	2516007.5	1291290.5	1060101.5	830528.0	723841.0	579824.5	392874.0	310187.5	207185.0	116031.5	84196.0	55879.5	22110.0	9557.5	3481.0	1917.0	1293.5	968.0	782.0	647.0	543.5	445.0	341.0	263.0	185.0	129.0	89.5	65.0	51.0	38.5	36.0	53.5	155.5	207.0	102.5
GLDS-375_rna-seq_FL4-1R_R2_raw	30755.0	25100.0	20019.0	23262.5	28376.0	32959.5	37691.5	42926.0	48794.5	54557.0	60035.5	65857.5	71939.5	77491.5	81878.0	85996.0	90050.0	93287.0	95894.0	98826.0	101861.0	104860.5	108266.5	113548.5	126041.5	146367.5	166592.5	196061.5	250845.5	332860.5	438536.0	595308.5	790833.0	1046399.5	1366727.5	1680354.5	2098303.5	2566553.0	3032607.0	3500185.5	3942038.0	4362657.5	4687695.5	4964485.0	5177902.0	5276354.0	5282932.0	5171498.5	5004798.0	4717955.0	4412178.5	4259401.0	4008645.5	3707554.5	3383171.5	3089391.5	3075267.0	3053705.5	2767772.0	2926058.5	3303784.5	2803398.5	2085968.0	1892983.5	3235030.0	4329922.0	2638974.0	1070538.5	859959.5	674069.0	546311.5	450985.5	318613.5	225176.0	160942.5	112073.5	83050.0	56654.0	37673.5	27212.0	21857.5	20062.0	18951.0	18158.5	17514.0	16842.0	16388.0	16083.5	15677.0	15389.5	15129.0	14924.5	14719.0	14815.0	15216.0	15642.0	16696.5	18748.0	22946.0	34991.0	349815.0
GLDS-375_rna-seq_FL4-1S_R1_raw	11324.0	11634.5	13671.5	17195.0	17853.0	13498.5	8124.0	5206.0	3739.0	2527.5	1808.5	1473.5	1331.0	1332.0	1933.0	3225.5	4456.0	7327.5	15966.5	24607.5	36998.5	51452.0	58750.5	80537.0	121313.0	219803.0	459288.5	547366.5	550021.0	749965.0	964092.0	1146458.0	1315573.5	1523180.5	2032378.0	2623437.5	2800002.5	3100931.0	3623723.5	4039148.0	4450591.5	4657047.0	4730678.5	4879006.5	5053868.5	5070485.0	5062374.0	4920665.0	4500111.0	4103246.5	3748684.0	3390723.0	3069754.0	2901098.5	2770065.5	2687738.0	2537465.0	2256358.5	2324513.5	2492868.5	2221000.0	1682297.5	1326879.0	1582180.0	1979125.0	1980663.5	1274911.0	592427.0	479395.5	349295.0	342018.0	291669.5	169928.5	120632.5	79531.0	46468.5	33899.5	22262.0	8715.0	3613.0	1352.0	822.5	574.5	450.0	381.0	344.5	336.0	311.0	242.0	164.0	119.5	93.5	54.5	25.0	19.0	23.5	30.0	44.5	124.5	135.0	47.0
GLDS-375_rna-seq_FL4-1S_R2_raw	38142.0	30633.0	22917.5	24760.5	28453.0	31280.0	34050.0	37669.0	41971.5	46741.0	51827.0	56897.5	61995.0	66642.0	71085.5	75906.5	80338.0	84571.5	93032.5	106511.5	126144.5	154384.0	193436.5	206930.0	224404.5	257848.5	330209.0	432998.5	577223.5	708554.5	817978.0	1062999.5	1310097.0	1493544.5	1839301.5	2261317.0	2832723.5	3719725.0	4163816.5	4018602.5	4130291.0	4437374.0	4706423.5	5104942.0	5357139.5	5163927.5	4807550.5	4657718.5	4452791.5	4034301.0	3643041.5	3314836.0	3040868.0	2926116.5	2746485.0	2660752.5	2605392.5	2280149.0	1917130.0	1937127.0	2106834.0	1770925.5	1317817.0	1104373.5	1803252.5	2412256.0	1407279.0	490447.0	374573.0	281490.5	227388.5	188386.5	133783.0	99121.0	75062.0	53027.0	39605.0	29667.5	22570.5	17607.5	14825.5	13879.5	13292.5	12975.0	12772.0	12429.0	12187.0	12033.0	11793.0	11583.5	11519.5	11553.0	11407.5	11575.0	11968.5	12418.5	13534.0	15369.0	19141.0	29555.0	235680.0
GLDS-375_rna-seq_FL5-1R_S6_L002_R1_raw	1393.0	1914.0	2490.5	2299.5	1854.0	1509.0	1271.0	1129.0	1019.5	927.0	854.5	812.0	777.0	739.5	713.0	694.5	707.5	742.5	819.0	952.5	1193.5	1526.5	1949.5	2707.5	4266.0	7161.0	10742.5	15660.0	24002.0	35995.5	51800.5	73480.0	101127.0	135675.5	180950.5	241375.0	361997.5	439304.0	470702.5	566390.0	643062.5	701430.5	784011.5	854049.0	920254.5	1000000.5	1118709.5	1238931.0	1242231.5	1240877.5	1317739.0	1372988.5	1337010.0	1286607.5	1182354.0	1124476.5	1143832.5	1134527.5	1100585.0	958481.5	821017.5	697339.5	626434.0	619151.5	628805.5	607180.5	441468.0	304572.5	274694.5	213019.5	171647.5	162846.5	130944.0	93434.5	57749.5	53647.0	52046.5	27796.5	11931.5	4892.5	1079.5	398.5	159.5	92.0	58.0	40.5	29.5	22.0	19.5	14.5	9.5	9.5	10.0	9.0	7.0	9.5	16.5	23.0	50.0	51.5	15.0
GLDS-375_rna-seq_FL5-1R_S6_L002_R2_raw	4673.0	6468.5	9811.0	12667.5	15209.0	17427.5	19442.5	21208.0	22689.5	23745.5	24582.5	25333.0	25672.5	25683.0	25571.5	25612.5	25588.5	25651.0	25906.0	26312.5	26923.0	27673.5	28573.0	29982.0	32427.0	35690.0	40602.5	47080.0	55421.5	66708.0	82136.0	101237.0	124452.5	154725.0	196643.0	271170.5	348128.5	415625.5	485562.5	629488.5	691916.5	687265.0	810879.5	910437.5	926209.5	965779.5	1010247.5	1095432.0	1123250.5	1105507.0	1090967.0	1140064.5	1188928.5	1194176.5	1139513.0	1072266.5	987878.5	806952.0	794851.5	788184.5	739007.0	710292.0	649511.0	635570.5	617807.5	534250.5	437243.0	414763.5	410823.0	325208.5	315588.0	287975.0	191870.5	144934.5	105874.0	80377.5	77781.0	61826.0	53708.0	40389.0	17381.0	15203.5	14712.0	14756.0	14970.0	14889.0	14945.0	15162.5	15356.0	15656.5	16003.0	16198.5	16530.0	16970.5	17331.0	18028.0	19059.0	20369.5	22706.5	28625.5	77389.0
GLDS-375_rna-seq_FL5-1S_S5_L002_R1_raw	1963.0	2299.5	2734.0	2572.5	2193.5	1828.5	1445.0	1268.0	1159.5	1042.5	937.0	856.0	819.5	796.5	790.0	900.5	1038.0	1327.0	2848.5	5198.0	8858.0	13230.5	22592.0	28216.0	30372.5	38869.0	59193.0	82874.0	121206.5	160344.0	189810.0	236783.5	286921.0	329647.0	414471.0	515244.5	652613.5	870884.0	970835.0	949703.0	1017365.0	1123228.5	1194470.5	1291903.0	1325520.0	1260542.5	1172540.0	1084311.0	1014609.5	953616.5	875261.5	791881.0	719954.0	700992.0	683214.0	625233.5	586233.0	605009.5	598861.5	539571.0	480563.0	424877.5	398343.5	374362.5	385063.5	383829.5	265766.5	166471.5	146722.0	114046.5	93849.0	78595.5	57408.0	45418.5	33694.0	25661.5	22382.5	16857.5	10115.0	4146.5	1002.5	418.0	142.5	65.0	40.0	29.5	22.0	18.0	14.5	11.0	7.5	5.5	6.0	6.0	8.0	11.0	12.5	23.5	55.5	48.5	10.5
GLDS-375_rna-seq_FL5-1S_S5_L002_R2_raw	5630.0	7861.0	11614.5	14357.5	16471.5	18204.5	19672.5	20630.0	21116.0	21574.0	22012.0	22334.0	22552.0	22539.5	22538.0	22605.5	22767.0	23210.0	24460.0	27064.0	30943.5	36428.5	40042.5	44442.0	53246.0	73391.0	113044.5	141550.0	162366.5	202627.5	249840.0	289587.0	325944.5	378422.0	470428.0	582853.0	662976.5	760469.0	865046.5	948432.0	1034402.0	1095505.5	1153978.5	1190072.0	1178427.0	1136079.0	1087116.5	1040651.5	959057.5	872516.0	787647.0	768034.0	730227.0	644121.5	606896.5	581239.0	508450.5	432972.0	448640.5	478977.5	495904.5	467702.0	412305.5	403916.0	380942.5	323595.0	251052.0	203935.0	183949.5	142179.0	138429.5	123979.5	85510.5	69862.5	52087.5	38672.0	35712.0	28521.0	19920.0	14531.0	9632.0	8998.0	8728.5	8494.0	8420.5	8454.0	8520.0	8559.0	8515.0	8556.0	8655.0	8703.0	8928.5	9122.5	9314.0	9709.5	10207.5	11123.5	12865.5	16758.0	50736.5
GLDS-375_rna-seq_FL6-1R_R1_raw	5214.0	5714.0	7073.0	9530.0	10265.5	7643.5	4607.5	2949.5	2126.5	1422.5	1074.5	938.5	856.0	840.0	896.5	1275.0	1611.0	1949.5	3220.5	4118.5	5155.0	7381.0	10091.0	15077.0	23724.5	37346.0	62034.0	93316.5	139307.5	206410.5	300811.5	422613.0	558974.5	739930.5	999182.5	1277239.5	1599443.5	2017311.0	2449283.5	2929057.0	3468767.0	3928015.5	4275062.0	4558368.5	4810406.0	5066753.5	5243960.0	5336781.0	5281384.0	5086737.5	4871295.0	4782844.0	4739466.5	4618735.5	4358132.5	4153856.5	4091540.0	3976231.5	4048269.5	4152514.5	3831687.0	3257432.0	2747521.5	3255353.0	4129191.5	4120458.5	2718093.5	1371043.5	1184237.5	956498.0	897744.5	744587.5	485926.5	395433.5	271128.5	155563.5	124456.5	85311.5	42734.0	22250.5	5001.5	2406.0	1480.0	1044.5	805.5	640.0	538.5	428.5	334.5	272.0	191.5	131.0	83.5	47.0	34.5	27.0	22.0	43.0	131.0	155.0	63.0
GLDS-375_rna-seq_FL6-1R_R2_raw	21728.0	18686.5	15344.5	16329.0	18392.0	19791.5	21724.0	24631.0	27807.0	31055.5	34537.0	37919.5	41323.5	44406.0	47276.5	50154.0	52651.5	54635.5	56593.0	59022.0	61488.0	64255.0	67313.0	72108.5	83622.0	104245.5	123526.5	150639.5	202610.0	279993.0	381197.0	533957.5	728216.0	984012.5	1302353.0	1627695.5	2068238.0	2522104.0	2956865.0	3420927.0	3857710.0	4258920.5	4597556.5	4861710.5	5049866.0	5166791.5	5261802.5	5307779.0	5249750.0	5035253.5	4830044.0	4744125.0	4604705.5	4473496.0	4146838.0	3775660.0	3756437.5	3720480.5	3404228.0	3465522.0	3580376.0	2980242.5	2417751.5	2201648.0	3509767.0	4748386.5	2873389.5	1039468.0	863350.0	696407.0	571332.0	500710.0	352648.5	239865.5	170552.5	122899.5	94841.5	61265.0	37025.5	22056.5	13147.5	10877.5	9772.5	9189.5	8828.0	8547.0	8340.5	8070.0	7836.5	7696.0	7554.5	7518.5	7485.0	7474.0	7664.5	7980.5	8553.0	9699.5	11895.5	18175.0	189043.5
GLDS-375_rna-seq_FL6-1S_R1_raw	7680.0	7815.5	9047.5	11411.5	12034.0	9282.0	5716.0	3828.0	2901.0	2098.0	1621.0	1420.5	1390.5	1523.5	2376.0	3753.0	5244.5	8639.5	18236.5	28109.0	44063.5	62290.5	71215.0	99128.5	146727.0	259253.0	523658.5	633218.5	656656.5	888382.0	1134174.0	1340809.5	1544904.5	1779656.5	2342250.0	3049013.0	3260635.0	3574115.0	4116719.5	4505380.5	4946366.5	5185565.5	5296575.0	5442531.0	5556844.5	5463446.0	5298091.0	5064705.0	4603967.0	4167999.0	3769937.5	3350526.0	2965884.5	2739589.0	2567406.0	2485016.0	2314772.5	1988417.5	2030920.0	2219291.5	2036730.0	1610543.5	1296005.5	1492685.0	1820569.5	1782477.0	1161887.0	583533.0	485691.5	360980.5	328823.5	272616.5	165327.5	120302.5	77992.5	45719.0	34920.0	23501.5	9870.5	4415.5	1565.5	1000.5	706.5	525.5	455.5	392.0	394.0	391.0	319.0	220.0	144.0	104.0	65.5	38.0	33.0	25.5	25.0	43.5	99.5	117.5	54.0
GLDS-375_rna-seq_FL6-1S_R2_raw	25362.0	20777.5	17544.5	22685.5	29821.5	35834.0	41263.0	47040.5	53036.5	59039.0	65308.0	71632.0	77762.0	83042.0	87413.0	91788.0	95901.0	100331.5	110134.0	125830.0	150785.0	190276.5	251625.0	267375.0	281859.0	315936.0	395157.0	525450.0	696385.5	843749.0	970231.5	1258527.5	1529648.0	1696715.5	2078737.5	2574032.0	3208321.5	4191755.5	4671050.5	4476365.5	4601174.5	4970303.5	5298391.5	5716067.0	5887276.5	5578808.5	5087808.5	4846103.5	4557584.0	4086338.5	3682364.0	3296321.0	2965886.0	2739740.5	2476857.5	2480810.0	2399665.5	1975204.5	1691632.5	1713136.0	1822982.0	1521228.5	1181853.5	1042495.0	1612960.5	2136796.5	1251121.5	428406.0	343151.5	271492.0	224471.5	184943.0	131671.5	98700.5	74104.0	54100.0	41951.0	32730.5	25706.5	20152.5	17004.0	16250.0	15707.5	15186.0	14785.5	14537.0	14484.0	14221.5	13972.5	13829.0	13735.0	13831.0	13910.5	14004.0	14449.5	15113.5	16311.5	18555.5	22950.5	35370.0	335264.5
GLDS-375_rna-seq_FL7-1R_R1_raw	6996.0	7442.0	8924.5	12060.0	13155.0	9834.0	5806.0	3607.0	2619.0	1728.5	1158.5	924.5	825.0	803.0	869.0	1311.5	1655.5	2000.5	3377.0	4390.0	5384.5	7533.5	10025.0	14368.0	22515.5	35170.0	57993.0	85889.0	124669.5	182833.0	267043.5	374750.0	495595.0	656540.5	888843.0	1136037.0	1425153.0	1801751.0	2188215.0	2614685.0	3100358.5	3516477.0	3800018.5	4027499.5	4260000.5	4508923.0	4726118.0	4867902.0	4819367.0	4576979.0	4321201.0	4207987.5	4144491.5	4034741.5	3830839.0	3641505.5	3621936.0	3600867.0	3678484.0	3813423.0	3419421.5	2796093.5	2312730.0	2435800.0	2844098.0	2769074.5	1820355.0	861178.0	681603.5	515664.5	432304.0	329199.5	201308.5	145449.5	88136.0	44504.0	31807.5	19431.0	6377.5	2673.0	1231.0	814.5	635.5	551.0	454.0	384.5	339.0	274.5	202.0	159.5	124.5	85.0	52.5	36.0	27.0	24.5	33.0	52.5	144.5	183.5	89.0
GLDS-375_rna-seq_FL7-1R_R2_raw	28914.0	23587.0	16924.0	16407.0	17361.5	17429.5	17779.5	19294.0	21277.5	23393.5	25841.5	28200.5	30656.5	33143.5	35758.0	38488.0	40699.5	42515.5	44844.5	47525.5	50298.5	52798.5	55622.0	60315.0	71419.5	92409.0	109724.0	132779.5	181112.5	253299.0	346458.5	488543.0	670120.0	906096.5	1201384.0	1500138.0	1906575.5	2324074.5	2705361.5	3101817.5	3474188.0	3823056.5	4121006.0	4341569.5	4484010.0	4565344.5	4618175.0	4656187.0	4611029.0	4400501.0	4175411.0	4057863.0	3892522.0	3750558.5	3558489.5	3286536.5	3249871.0	3229777.0	3002148.5	3202500.0	3324478.5	2645288.0	2006687.0	1698954.0	2399379.5	3102144.0	1881436.5	689671.0	526373.0	401328.0	316078.5	259904.5	166639.5	101305.0	69005.5	45756.5	32368.5	19359.5	12045.5	9272.0	7927.5	7424.0	7104.0	6950.5	6763.5	6547.0	6348.5	6100.0	5957.0	5853.5	5719.0	5643.0	5579.5	5565.5	5615.0	5744.0	6083.5	6762.5	8232.0	12510.0	121265.0
GLDS-375_rna-seq_FL7-1S_R1_raw	10197.0	10171.0	11971.5	16989.5	18866.0	14055.5	7952.0	4768.0	3422.5	2125.0	1425.0	1225.0	1241.5	1319.0	2118.0	3675.5	5103.0	8582.5	17971.0	27583.0	43519.5	60671.5	68256.0	94584.0	142592.0	245979.0	520287.5	621555.0	607421.0	814972.0	1030092.5	1222768.5	1402447.0	1608565.0	2131606.0	2733871.5	2892182.0	3139872.5	3614373.0	3991525.0	4353736.5	4568977.0	4678367.5	4811824.0	4981528.5	5046179.0	5058649.5	5013493.0	4735068.5	4451114.5	4233889.0	3983382.5	3760125.5	3807361.5	3839247.0	3759975.0	3618490.5	3412818.5	3395246.5	3216474.0	2689981.0	2079661.0	1664115.0	1855918.5	2220302.0	2194692.0	1462348.5	742898.5	616844.0	488223.0	475182.0	394235.5	244177.5	180530.0	123632.5	78213.5	62885.5	42273.0	17189.5	7535.0	2578.5	1438.5	914.5	650.0	505.0	430.5	411.5	410.5	355.0	245.5	150.0	91.0	64.0	46.5	31.0	32.0	49.0	68.5	147.0	161.5	60.5
GLDS-375_rna-seq_FL7-1S_R2_raw	42994.0	31640.0	18900.5	18822.0	20494.5	21057.0	21626.0	23029.0	25236.0	27559.0	29969.0	32604.5	35401.5	38225.5	41158.0	44598.0	48236.5	52458.5	61965.0	76464.0	98289.0	129081.5	171445.0	185619.5	206217.5	245301.0	321316.0	438792.5	614265.5	759370.5	875550.0	1148697.5	1397213.5	1561079.5	1934651.5	2425726.0	3033081.0	3925430.0	4315440.0	4092200.0	4172357.5	4474815.0	4808123.0	5232216.0	5415462.0	5167181.0	4891426.5	4912084.0	4793464.5	4482808.5	4229129.5	3887950.5	3630664.0	3755640.5	3780115.0	3700771.0	3659009.0	3223043.5	2680742.0	2598666.0	2569938.5	2174565.5	1792257.5	1486533.0	2022778.5	2619842.5	1603013.0	613876.5	490426.0	388983.5	316314.0	256617.0	177171.0	132671.5	106932.0	76919.5	54815.0	39409.5	27701.0	16812.5	9905.5	8781.5	8242.0	7904.0	7741.5	7452.5	7196.5	7063.5	6883.0	6749.0	6616.5	6615.5	6600.0	6538.0	6617.0	6868.5	7263.0	7996.0	9800.5	15098.0	173560.0
GLDS-375_rna-seq_FL8-1R_R1_raw	7515.0	7866.5	10692.0	17077.5	20150.0	15406.0	8767.5	5285.5	3685.5	2289.5	1541.0	1252.0	1137.5	1126.5	1195.0	1735.5	2134.0	2526.5	4349.5	5741.0	6954.5	9731.5	13240.0	18641.5	28177.0	43449.0	70226.0	103766.0	154202.0	229485.5	334827.5	470403.0	617874.5	810821.5	1103232.5	1417100.0	1761868.5	2200005.5	2658730.0	3162167.5	3728086.0	4201671.5	4571686.5	4869878.5	5094456.0	5325839.5	5477270.5	5535889.5	5434466.0	5207645.5	4976868.0	4826401.0	4693549.5	4500700.5	4225478.0	3968939.0	3860704.5	3757762.0	3798163.0	3866439.0	3531171.0	2953463.5	2495672.0	2734777.5	3231982.0	3099285.0	2058280.0	1138113.5	937211.5	714475.5	635822.0	507286.0	303637.5	225152.0	146779.0	76725.5	51770.0	31485.5	11801.5	5058.0	2011.0	1294.5	988.5	761.0	619.0	539.0	458.5	389.0	311.5	244.0	163.5	106.5	85.5	65.0	49.0	33.0	37.5	70.0	214.0	292.5	143.0
GLDS-375_rna-seq_FL8-1R_R2_raw	44076.0	31352.5	17550.5	17544.0	19251.0	19864.0	20697.0	22554.0	25006.0	27701.5	30504.5	33843.0	36989.5	39708.5	42279.5	44795.0	47420.5	49816.0	51911.5	54529.0	57993.5	62237.0	65277.5	69770.0	81588.5	100113.5	120254.5	149239.5	202000.0	280168.5	382519.0	533285.5	720683.0	972926.5	1294959.5	1624267.5	2079373.0	2587846.5	3072968.5	3530836.0	3973343.5	4408772.0	4764207.5	5077718.5	5307696.5	5426587.5	5537190.0	5568551.0	5443144.0	5158444.0	4884338.5	4756408.5	4550907.0	4363427.0	4054419.0	3673008.0	3632455.5	3602226.0	3251973.0	3234018.5	3449576.5	2892682.5	2174140.0	1931988.5	2687266.5	3393320.0	2173597.5	962259.5	770507.5	572571.0	437955.0	356329.5	234723.5	153662.0	104698.5	68328.5	48358.5	28215.5	15325.0	10447.5	8055.0	7258.5	6735.5	6427.5	6179.5	5959.5	5731.5	5501.0	5381.0	5166.5	4989.5	4998.0	5046.5	5070.5	5143.5	5372.0	5823.5	6687.0	8486.0	13346.5	128018.0
GLDS-375_rna-seq_FL8-1S_R1_raw	12207.0	12406.5	14899.0	19676.0	20744.5	15499.0	9217.0	5828.0	4165.0	2964.0	2239.5	1886.0	1747.5	1739.5	2511.0	3967.5	5402.5	8634.0	18663.5	28458.0	42073.5	58858.5	67827.5	94382.0	142188.0	247853.0	508607.5	613274.0	627319.0	864970.5	1120480.0	1334921.0	1535893.0	1777660.0	2394198.0	3129350.0	3326865.5	3683713.5	4310831.5	4729734.5	5173172.0	5412061.5	5490828.5	5675634.0	5861793.5	5803847.5	5702903.5	5479345.5	4973090.0	4505783.5	4082437.5	3675203.5	3288584.0	3050893.5	2883547.0	2759256.0	2577254.5	2286245.5	2363073.0	2555544.5	2320687.5	1815863.0	1472584.5	1706929.5	2070275.5	2039745.5	1351398.0	711320.5	592682.0	437814.0	400422.5	334168.0	208360.0	154798.0	101973.0	59738.0	44064.0	28998.5	11776.5	5193.0	1945.5	1177.5	871.5	661.0	517.0	432.0	427.0	403.5	340.5	249.5	169.5	121.0	74.0	41.5	28.0	35.5	53.0	94.0	209.5	241.5	117.0
GLDS-375_rna-seq_FL8-1S_R2_raw	44578.0	34923.0	26829.5	33038.5	41875.5	49414.5	56518.0	65033.5	74608.5	84542.0	93917.5	102563.0	110197.0	116182.5	121619.0	126943.5	131053.5	134769.5	142804.5	154953.5	176005.0	205448.0	247559.5	262328.0	281552.5	315456.0	390293.0	504735.0	661474.0	810318.0	942512.5	1228664.5	1512004.0	1712950.5	2113482.5	2621078.0	3289717.5	4376710.0	4959061.0	4760764.0	4852243.5	5200558.5	5466724.5	5920266.5	6183449.0	5883921.0	5414666.0	5158060.0	4890677.5	4393478.5	3909401.0	3517469.5	3181185.5	3021573.0	2800643.0	2699729.5	2640690.5	2293748.5	1946722.0	1967750.5	2153277.0	1819982.0	1341268.0	1155833.0	1811654.0	2370523.5	1433322.0	580438.5	467336.0	354812.0	292051.0	241381.0	170444.0	128291.5	95991.5	66617.0	49500.5	36369.0	26191.0	19362.5	15746.0	14670.0	13912.5	13408.0	13132.0	12877.5	12578.5	12384.5	12319.0	12406.0	12426.5	12497.0	12813.0	13285.5	14022.5	15337.0	17313.0	20573.0	26560.5	42867.0	464001.5
GLDS-375_rna-seq_FL9-1R_S10_L002_R1_raw	1530.0	2210.0	2905.5	2539.0	1968.5	1584.5	1240.5	990.0	869.0	781.5	707.0	662.0	612.0	608.0	587.5	552.5	573.0	629.5	689.5	805.5	1022.5	1326.0	1719.5	2462.0	4012.0	6986.0	10643.5	15397.5	23466.0	35165.5	50469.0	72304.0	100582.0	135563.5	181513.0	242834.0	365658.0	442688.0	471133.5	567989.5	640340.5	689651.5	765347.0	827820.0	891003.5	962516.0	1057922.0	1146432.5	1142303.5	1142763.0	1203531.5	1237276.0	1193656.5	1134028.0	1027836.5	978009.5	968451.5	905582.0	873214.0	757141.0	618840.0	518133.0	453646.0	435016.5	422624.5	395741.0	283888.0	185244.5	158500.0	112414.5	78588.0	68877.5	44948.0	24825.0	15191.0	13894.5	12752.5	5185.0	1299.0	501.0	168.5	99.0	65.5	40.0	33.0	24.5	10.5	8.5	9.5	11.5	8.5	6.5	6.0	3.5	4.5	4.5	3.5	8.0	30.5	30.0	7.0
GLDS-375_rna-seq_FL9-1R_S10_L002_R2_raw	4488.0	6105.5	8782.0	10809.5	12470.0	13913.0	15219.0	16210.5	16965.0	17509.5	17933.5	18326.0	18571.5	18531.5	18510.5	18391.5	18167.0	18127.0	18321.0	18754.0	19244.0	19739.5	20483.0	21964.0	24151.5	27134.5	31603.0	37440.5	45473.0	56081.0	70765.0	89479.0	112338.5	142674.5	184735.0	262085.5	341961.5	409733.0	479508.5	634840.5	694037.0	673091.5	797456.0	895937.5	906211.0	928507.0	957188.5	1029006.5	1060971.0	1060027.5	1031023.0	1042622.5	1075542.0	1075769.0	1016805.0	944236.5	861992.0	695189.0	663280.0	636474.0	578191.0	536083.5	475420.5	449271.0	426969.5	362190.0	287823.5	268129.0	260713.5	200162.0	185944.0	162856.5	93670.5	57532.0	40331.5	29443.0	23833.0	17424.0	13240.0	11008.0	9305.5	9146.0	9147.0	9202.5	9202.5	9285.5	9417.0	9453.0	9508.0	9562.5	9740.0	9842.0	9932.0	10224.5	10476.5	10740.0	11226.5	12119.5	13586.5	16802.5	45736.5
GLDS-375_rna-seq_FL9-1S_S9_L002_R1_raw	3107.0	3310.5	3648.0	3328.0	2599.0	2060.5	1612.0	1396.5	1340.0	1215.5	1055.0	989.5	974.0	937.0	1007.0	1179.5	1359.5	1731.5	3386.0	6185.5	10367.5	14960.5	23052.5	28705.0	32602.5	42377.5	65146.0	91207.0	134540.5	177030.0	206340.5	257835.0	313709.0	360726.0	449790.5	561027.5	704391.5	897011.0	985482.5	975363.0	1023646.5	1113107.0	1204355.5	1301343.5	1339101.0	1290424.5	1226981.0	1187349.5	1141622.0	1110630.5	1076138.5	1014597.5	953265.5	956181.5	929977.5	837293.5	792634.0	805608.5	775885.0	693353.5	614678.0	552477.5	513788.0	457468.0	423200.5	382715.0	254115.0	154490.5	130873.0	95085.5	70022.5	54997.5	35423.0	24692.0	17067.5	11479.0	8216.5	4169.5	1579.5	629.5	207.5	114.5	76.5	45.0	35.0	27.5	14.5	9.0	10.5	7.5	5.5	7.0	5.5	3.0	4.5	7.5	12.0	20.0	47.0	41.5	8.5
GLDS-375_rna-seq_FL9-1S_S9_L002_R2_raw	4018.0	5730.5	8806.0	11386.0	13355.5	14842.0	16171.0	17198.5	17940.5	18511.5	18986.5	19448.5	19727.0	19756.0	19943.5	20366.0	20832.5	21537.0	23231.0	26479.5	30983.0	36642.5	40329.0	45011.5	54319.5	76049.0	123103.0	153495.5	171542.0	214382.0	263887.0	307097.5	345834.5	395929.0	481755.5	596549.0	675994.0	759992.0	863418.5	963490.0	1035771.5	1085409.5	1170383.0	1221573.5	1215140.5	1195711.0	1176453.5	1168693.5	1116091.0	1053227.0	990679.0	1010259.0	990740.0	886988.0	851222.5	842269.0	748872.5	620772.5	625120.0	634398.5	611677.0	561981.0	486738.5	448524.0	405549.5	335267.0	254999.0	207578.5	182054.0	130824.5	124284.5	111273.5	67076.0	45813.5	33334.5	24267.5	18718.0	14194.5	11022.5	9654.0	8922.0	8872.0	8858.0	8868.5	8929.0	8873.0	8839.5	8972.5	9009.0	9106.0	9286.5	9334.5	9369.5	9595.5	9912.0	10237.0	10852.0	11786.5	13424.5	17414.5	51456.5
GLDS-375_rna-seq_GC1-1R_S4_L002_R1_raw	1109.0	1477.0	1874.5	1691.0	1373.5	1124.5	911.0	814.0	739.5	667.0	617.5	577.5	558.5	542.5	530.0	545.0	554.5	574.5	636.5	737.5	941.5	1196.5	1540.5	2106.0	3387.0	5580.5	8137.5	11877.0	18253.0	27227.5	39095.0	55030.5	75928.5	102880.5	138700.0	193919.5	339947.5	413164.0	409665.0	503497.5	567882.5	599519.5	668522.0	763994.5	882823.0	1018621.5	1174607.0	1358749.5	1407056.5	1464801.5	1648214.5	1765875.5	1715560.0	1599372.0	1455638.5	1420985.5	1420074.5	1290548.5	1213193.0	1078084.0	910159.0	737894.0	638772.5	646493.5	630977.0	594390.0	438159.5	289507.0	259226.0	182030.5	127936.0	122152.0	90963.0	59289.5	36783.0	39219.5	39306.5	16557.0	5201.0	2014.0	451.5	194.0	116.0	77.0	52.0	30.0	20.5	19.5	15.0	11.5	10.0	9.0	7.0	6.0	8.5	11.0	12.5	22.5	68.0	66.0	16.0
GLDS-375_rna-seq_GC1-1R_S4_L002_R2_raw	3766.0	5221.0	7926.5	10389.5	12649.0	14767.0	16774.0	18645.0	20191.5	21046.0	21737.0	22527.5	23002.5	22958.0	22767.5	22472.5	22207.0	22439.5	22849.0	23220.0	23518.0	24233.0	25336.5	26522.0	28287.0	30944.5	34560.0	38882.5	45166.0	53669.5	65037.5	79393.5	96601.0	119372.5	156504.5	252069.5	338735.0	396935.5	451470.5	603664.5	658683.0	620298.5	768288.5	919988.5	923475.5	968541.0	1076002.0	1267977.0	1347046.5	1345962.5	1340873.0	1398698.5	1468855.0	1518565.0	1481880.5	1352852.5	1201536.5	933523.0	897452.0	860689.5	752574.5	691672.5	627438.0	591918.5	573012.5	512147.5	429093.0	453062.0	478428.0	361570.5	320802.5	287990.0	175498.0	108222.5	79132.0	67419.5	61500.0	46444.5	38104.0	28100.5	15279.5	14234.0	14181.0	14200.0	14258.5	14409.0	14662.0	14809.0	15020.5	15313.5	15684.0	15970.0	16128.0	16655.5	17263.5	17748.5	18337.0	19627.5	21865.5	27458.0	76220.0
GLDS-375_rna-seq_GC1-1S_S3_L002_R1_raw	2219.0	2693.0	3309.0	3152.5	2630.0	2137.5	1764.0	1577.0	1450.0	1308.0	1159.0	1062.5	975.5	953.5	993.0	1120.0	1284.0	1643.5	3559.5	6444.5	10755.0	16280.5	27351.0	34087.0	36735.5	45317.5	67784.5	94012.5	136643.5	177689.5	205255.5	254593.5	305474.5	343799.0	423489.0	521033.0	655376.0	863146.5	951130.0	918969.5	977719.5	1080650.5	1165918.5	1263215.0	1274793.5	1187920.5	1096569.0	1037193.0	977262.5	920433.5	844795.0	737562.0	662478.5	652107.0	650734.5	625998.0	586997.0	563870.5	531518.5	477344.0	428736.0	371928.5	335249.5	300788.0	293285.0	292311.0	205265.0	123215.5	100123.5	75636.0	59999.0	46796.0	30622.0	21999.0	16145.0	10900.0	7255.5	4163.0	1949.5	753.0	236.0	117.0	68.5	51.5	34.5	19.5	17.0	14.0	14.0	12.5	8.5	9.0	7.0	3.0	3.5	9.5	11.5	21.0	61.0	53.5	11.0
GLDS-375_rna-seq_GC1-1S_S3_L002_R2_raw	5856.0	8115.0	12139.5	15291.0	17943.0	20080.0	21861.5	23333.5	24210.0	24773.5	25317.5	25785.5	26043.0	26071.0	26174.0	26330.0	26362.0	26881.5	28609.0	31598.0	35870.5	41998.0	45892.5	50512.0	59207.0	80254.0	120797.0	150359.5	172164.5	212421.5	260925.5	302013.5	335713.0	378975.5	462075.0	573000.0	646667.0	730896.5	827522.0	905432.5	979259.0	1029274.0	1094475.5	1126055.0	1117967.0	1086775.0	1031241.0	981639.0	913260.5	841160.5	764471.5	696431.0	646920.5	619416.0	594008.5	553608.5	499950.5	459804.0	458318.0	461832.0	458469.0	415250.5	360903.5	339076.0	306731.5	262321.0	198303.5	144093.5	120186.0	94072.5	91097.5	78792.5	50689.0	37481.5	28109.0	20720.0	17523.5	14516.0	11699.5	10570.0	9899.0	9848.5	9815.0	9765.0	9814.5	9859.0	9743.5	9567.5	9645.0	9702.5	9731.0	9844.5	9954.5	10070.0	10400.5	10922.0	11492.0	12550.0	14420.0	18989.0	59196.5
GLDS-375_rna-seq_GC10-1R_R1_raw	4854.0	5029.0	5949.5	7940.5	8580.5	6568.0	4068.5	2603.0	1926.0	1357.5	980.5	845.0	784.5	770.5	840.0	1474.5	1855.0	1938.5	3102.5	3873.0	4655.5	6801.5	9644.0	13713.0	20785.5	32453.5	53983.5	81869.0	124322.5	186625.5	277590.0	399584.5	536688.0	706982.0	950430.0	1230845.5	1550319.5	1963926.0	2406164.0	2867851.5	3434868.0	3880941.5	4156688.0	4433419.0	4697953.5	4984415.0	5189338.5	5209567.0	5095269.0	4940850.5	4775629.5	4738479.5	4746848.5	4515010.5	4158834.5	3983323.0	3913999.5	3776095.5	3839223.0	4072000.0	3853463.5	3306720.0	2884385.0	3400921.0	4114458.5	4087365.5	2863721.5	1599053.0	1388199.5	1138841.5	1101995.0	933692.5	646096.5	555633.0	386357.5	225148.0	193718.0	141698.5	69320.0	35083.5	8241.0	3653.5	2067.5	1381.5	1089.5	884.5	671.5	524.5	413.5	350.0	246.0	163.5	123.5	74.5	47.0	36.5	33.0	43.5	110.5	138.0	63.0
GLDS-375_rna-seq_GC10-1R_R2_raw	19397.0	16515.5	13142.0	13825.5	16048.0	17948.0	19963.0	22531.5	25358.5	28515.0	31930.5	35155.0	38473.5	41841.0	44993.0	48128.5	50806.5	52906.0	54974.0	57441.0	59927.5	62377.0	64767.0	68727.5	78855.0	96846.5	114474.0	139357.5	185666.5	256818.5	352801.0	499954.5	691167.5	945738.0	1253663.5	1579558.0	2010547.5	2456574.0	2905914.5	3365633.5	3795365.0	4196295.5	4512278.5	4767798.0	4957532.0	5097792.0	5198949.0	5231291.5	5188397.0	4989412.5	4826385.5	4794616.0	4639866.0	4337498.5	3917227.5	3588355.5	3595297.0	3743009.0	3492603.5	3405675.0	3499806.0	2972668.0	2499447.0	2356598.0	3584169.5	4623057.5	2836638.5	1189530.5	1011604.5	835295.0	740001.5	676129.5	480021.5	329813.0	235944.0	174489.5	141815.5	99369.5	62896.5	35243.0	19207.0	15348.0	13738.0	12849.5	12216.0	11899.5	11583.0	11359.0	11086.5	10720.0	10278.5	9995.5	9882.5	9656.5	9570.0	9721.0	9841.5	10410.0	12157.0	17162.0	129592.5
GLDS-375_rna-seq_GC10-1S_R1_raw	4758.0	4994.5	5677.5	7228.5	7888.0	6030.0	3542.5	2202.0	1630.0	1044.0	694.5	612.0	622.5	724.0	1313.5	2856.5	4098.5	5979.0	12942.5	20376.5	32302.5	47012.0	55496.5	78209.0	117483.0	208579.5	389157.0	480263.5	540474.5	735837.0	943751.5	1131858.0	1301730.5	1499560.5	2045375.5	2652445.5	2852403.0	3224385.5	3728018.0	4027520.5	4440966.0	4663771.5	4737086.0	4916971.5	5052571.5	5045947.5	4968726.5	4664334.5	4160316.5	3820828.5	3563081.0	3284819.5	3026187.0	2843916.0	2726647.0	2645839.0	2389175.0	2091736.0	2130366.5	2237357.5	1993805.0	1593366.5	1340559.5	1454975.0	1569380.0	1478850.5	1042027.5	596190.5	498151.0	367172.0	363068.0	311188.0	180826.5	129550.5	85103.5	50308.0	40064.5	27938.5	12014.5	5516.5	1844.5	1080.5	730.0	539.5	437.0	384.5	375.0	377.5	341.0	241.0	149.0	102.0	56.5	28.5	17.5	9.5	13.5	27.0	66.5	72.5	31.0
GLDS-375_rna-seq_GC10-1S_R2_raw	18701.0	14280.0	9182.0	8907.5	9378.5	9456.5	9682.5	10281.0	11267.0	12380.5	13699.0	15337.0	17116.0	19135.5	21346.0	24150.5	27380.5	31115.5	40121.5	54249.5	77688.5	123829.0	192021.5	196253.5	191725.0	218152.5	293812.0	407987.5	549028.5	666852.5	773192.0	1045028.5	1281157.5	1398930.0	1716850.5	2137422.0	2760193.0	3819489.0	4252460.0	4010128.5	4197814.5	4578981.5	4876987.0	5309910.5	5472801.5	5191250.0	4841654.0	4693227.0	4446883.5	3992134.0	3653095.0	3350632.5	3075733.0	2908489.5	2677595.0	2602219.0	2539391.0	2313209.5	1973133.0	1780604.5	1792959.5	1497177.0	1226985.5	1103064.0	1449174.0	1732750.5	1028920.5	416032.5	331560.0	261562.5	222010.0	185475.0	126813.5	88576.0	63502.0	44079.0	32848.5	23394.0	15354.5	8642.0	5370.0	4688.5	4283.5	4127.0	4043.0	3847.5	3728.5	3588.5	3427.5	3246.0	3024.5	2855.0	2710.0	2530.5	2358.0	2280.5	2299.5	2485.5	2898.0	4031.0	35155.0
GLDS-375_rna-seq_GC11-1R_S16_L002_R1_raw	2915.0	3405.0	3882.5	3453.5	2731.5	2125.0	1564.0	1219.5	1054.0	913.5	792.0	698.0	661.5	632.5	613.0	591.0	560.5	597.0	675.0	807.0	1089.5	1488.0	2058.5	2966.5	4822.5	8242.5	12954.0	19492.0	30197.5	45450.0	66089.5	95818.5	133570.0	181261.5	242477.5	311395.0	398374.5	486422.5	576521.0	683410.0	790360.5	893179.0	981584.5	1046209.5	1088553.5	1117824.0	1130674.5	1120204.0	1102503.5	1076658.0	1036996.5	987121.5	927487.0	883975.0	828326.0	761650.0	752283.5	814853.5	795659.0	726847.5	687522.5	605233.0	555260.5	533463.5	599866.0	653248.5	468791.5	293895.0	251922.0	200962.0	167626.5	141088.0	99957.5	70503.5	49344.5	35138.5	25362.0	14331.5	6627.5	2655.0	793.0	314.0	148.5	84.5	54.5	40.5	24.5	16.5	14.5	9.5	6.5	10.0	11.0	6.5	8.0	11.5	14.5	21.5	39.0	33.5	9.0
GLDS-375_rna-seq_GC11-1R_S16_L002_R2_raw	5072.0	6855.0	9744.0	11752.5	13307.5	14567.0	15696.0	16589.0	17090.5	17425.0	17905.5	18351.0	18521.0	18751.5	18878.0	18877.5	18942.5	18973.0	19236.5	19519.0	19996.5	20799.0	21634.5	23117.0	25812.5	29529.0	35350.0	42859.5	53450.0	68166.0	88122.0	113469.5	143891.5	184436.0	234884.5	294329.0	366191.0	449907.0	538868.0	641730.0	738784.0	831449.5	925456.5	984682.0	1018816.5	1050055.5	1062076.0	1055734.5	1030816.0	996560.0	952878.0	920514.5	896377.5	841594.5	769517.0	718616.0	671661.0	639533.5	662258.0	712265.0	748313.0	699422.0	627465.5	643856.5	642766.5	565242.5	439817.0	343486.5	297970.0	239283.0	227524.0	196672.0	141074.0	117077.5	82137.0	51247.5	42514.5	31631.5	18627.0	13257.0	10085.0	9344.0	9108.5	9192.0	9237.0	9219.5	9230.0	9218.5	9272.5	9347.0	9323.0	9484.5	9804.0	10000.0	10201.0	10669.5	11336.5	12315.0	13915.5	17964.5	51558.0
GLDS-375_rna-seq_GC11-1S_S15_L002_R1_raw	1979.0	2062.0	2171.0	2008.5	1679.5	1388.5	1141.0	973.0	903.0	890.5	813.5	734.5	695.5	659.5	688.5	847.5	1047.5	1411.5	3278.5	6159.5	10667.5	17889.5	32822.0	38928.0	38627.5	47609.0	72797.5	99445.0	138805.0	178020.0	204167.5	250722.5	297335.5	329478.0	406119.0	494508.0	633993.0	894992.0	994810.0	921493.0	982437.0	1103921.0	1171189.5	1270677.0	1289781.5	1192643.0	1079433.0	969189.5	883033.0	806283.0	707152.5	607517.5	528667.5	490348.5	476746.5	477753.5	469542.0	465264.0	409657.0	326765.0	305807.0	275272.5	259399.5	251210.5	239589.5	222152.0	162143.0	117870.0	106534.0	81607.0	69045.0	56386.5	36882.0	27968.0	20225.0	14646.5	12225.5	8624.0	4896.0	1936.5	444.0	173.5	69.5	36.5	28.0	24.0	15.5	9.5	6.5	6.5	6.5	5.0	3.5	3.0	3.5	7.5	12.0	15.0	45.0	44.5	9.0
GLDS-375_rna-seq_GC11-1S_S15_L002_R2_raw	4650.0	6376.5	9228.5	11353.5	13083.5	14241.0	15005.5	15755.5	16364.5	16743.5	16944.5	17047.0	17114.0	17033.0	17096.0	17281.5	17418.0	18090.0	19874.0	22690.5	27392.5	34832.5	39387.0	43410.0	51500.0	73208.5	112220.5	145785.0	173810.5	215202.5	265870.0	307479.5	341295.5	387368.5	482143.5	607093.5	690677.0	790803.5	886886.5	945968.0	1035059.0	1093661.0	1136264.5	1160581.0	1137831.5	1079968.0	1000718.5	912713.5	808928.5	709903.0	615778.5	545824.5	496100.0	457666.0	428471.0	401677.0	346192.0	298417.5	306486.5	324186.5	333877.5	321364.0	287895.5	265104.0	239267.0	207715.5	169182.0	150710.5	132733.0	95896.0	112992.5	105347.0	59570.0	44183.0	32473.0	23417.5	21388.5	17322.5	12051.0	9509.0	7815.0	7500.5	7472.5	7515.5	7557.5	7508.0	7450.5	7548.0	7620.0	7644.5	7802.5	8002.0	8158.5	8413.0	8631.0	8924.0	9408.0	10199.5	11655.0	15173.5	46114.0
GLDS-375_rna-seq_GC12-1R_R1_raw	6367.0	7216.0	9764.5	14764.0	18090.0	14338.5	8001.0	4651.0	3151.0	1889.0	1126.5	829.5	716.0	687.0	749.5	1818.5	2396.5	2241.0	4077.5	5034.0	5121.5	7070.0	10043.0	13680.5	19154.5	28307.5	47159.0	71915.5	108685.0	161170.0	241526.5	354201.0	469762.5	602552.0	817237.5	1062292.5	1324751.5	1680919.5	2050857.5	2408832.5	2885977.0	3220307.5	3401142.0	3620229.0	3813838.0	4043420.5	4191465.5	4183082.0	4072039.0	3918773.0	3741835.0	3644326.0	3624860.0	3531015.5	3382493.0	3210385.5	3074973.5	2961773.5	3074605.0	3355442.5	3115724.0	2551780.5	2151032.5	2516592.5	3061669.5	2980276.0	2027919.0	1080167.0	887071.5	706903.0	642839.0	519947.5	358223.0	294854.5	198268.0	110436.0	84113.5	56715.0	23816.0	10897.5	3393.5	1781.0	1121.0	804.0	643.5	536.5	445.0	373.0	283.0	200.0	143.0	108.5	77.5	43.5	27.0	24.0	25.5	31.5	72.0	84.5	37.5
GLDS-375_rna-seq_GC12-1R_R2_raw	42392.0	30909.5	17510.5	15709.0	15639.5	14945.0	14166.5	14306.0	15350.5	16751.0	18419.5	20330.0	22599.5	25109.0	27679.5	30485.5	33573.5	36347.5	38736.5	41467.5	44257.5	46968.0	48852.5	51151.0	58364.0	73729.5	89396.5	109176.0	147058.5	206138.0	285812.0	411304.5	564394.5	770737.5	1033449.5	1299817.5	1674647.5	2087131.5	2476885.0	2843815.0	3169250.5	3462520.5	3689127.0	3890913.5	4053596.0	4152421.5	4220079.0	4230193.5	4148362.5	3950346.5	3770225.0	3679599.0	3530401.5	3353489.0	3091382.0	2789969.5	2755758.0	2862880.5	2654806.0	2676364.5	2927614.5	2469624.0	1830968.5	1615393.0	2531700.0	3407746.5	2165086.5	888237.0	699624.0	539873.5	445543.0	372360.5	259089.5	180215.0	129539.5	89720.5	64750.5	42205.5	25133.0	14556.0	8805.0	7142.0	6376.0	6177.5	6027.5	5850.0	5669.0	5512.0	5482.5	5478.5	5401.0	5229.0	5109.0	5091.0	5167.5	5340.5	5446.0	5757.5	6720.5	9548.0	95497.5
GLDS-375_rna-seq_GC12-1S_R1_raw	6494.0	6682.0	8257.0	11650.0	13161.0	10214.0	6101.5	3947.0	3023.0	2136.0	1595.5	1460.5	1385.5	1484.5	2368.5	4554.0	6614.5	9733.5	18973.0	30584.0	49986.0	71443.0	83268.5	114165.0	162520.0	271377.5	487103.5	615804.5	719699.5	990644.0	1264321.0	1498208.0	1713596.5	1942299.5	2764016.0	3729297.0	3883328.5	4257931.0	4899982.5	5153187.0	5574360.5	5753860.5	5696873.5	5834469.5	5854811.5	5532341.5	5221161.5	4790792.0	4176029.5	3719756.5	3307445.5	2931074.0	2571799.5	2370230.0	2278304.5	2187611.0	1922149.5	1579244.0	1622527.5	1769327.5	1577827.0	1229233.0	994031.5	1011420.0	1077899.5	1014279.5	713297.0	445001.5	365804.5	264169.5	258252.0	219005.5	126309.5	90089.5	57144.0	32784.0	24921.0	16553.5	6859.0	2974.0	1087.0	728.5	548.0	412.0	308.0	285.5	338.5	378.5	338.0	236.5	162.0	118.5	55.0	27.5	24.5	24.5	32.0	54.5	150.0	163.5	61.0
GLDS-375_rna-seq_GC12-1S_R2_raw	29418.0	22061.0	15680.0	20204.5	27039.5	32909.0	37994.0	43428.5	49179.0	55020.0	61588.5	68175.5	73689.5	78378.0	82483.5	86734.0	90913.0	95055.0	105596.0	123107.5	154094.0	213968.5	305730.0	315254.5	316471.5	345636.5	429084.5	590259.5	778035.5	901481.0	1010274.0	1381309.0	1654216.5	1693287.5	2030050.5	2513842.0	3298115.5	4865842.0	5522506.5	4983035.5	5075827.5	5530518.5	5780724.5	6327949.0	6469321.5	5842626.5	5173429.5	4773027.0	4375351.5	3786130.0	3285905.5	2857263.0	2530498.5	2378682.5	2195326.5	2226904.0	2126156.5	1716364.0	1430692.5	1356751.5	1458312.5	1238127.5	937194.5	803499.0	974555.5	1143075.0	737533.0	359505.0	283850.5	213616.0	179691.0	151179.5	104620.5	76890.0	56057.0	38586.5	29661.5	21411.0	15607.5	11703.0	9607.0	9019.0	8704.5	8449.0	8278.0	8160.0	7975.0	7772.5	7724.0	7615.0	7509.5	7509.5	7451.5	7602.0	7933.5	8318.5	9020.0	10315.5	12887.0	19807.5	158602.5
GLDS-375_rna-seq_GC2-1R_R1_raw	7561.0	7730.5	9007.5	11838.0	12531.5	9388.0	5582.5	3491.0	2515.5	1647.0	1239.5	1035.0	909.0	889.0	974.0	1648.0	2055.5	2314.0	3909.0	4942.5	6141.0	8970.5	12033.5	16780.5	25250.0	38114.5	61646.0	90047.5	131696.0	192846.0	277044.0	385730.0	503515.5	649243.0	858196.5	1108423.0	1391349.5	1741408.0	2118814.0	2517611.5	2986431.5	3352038.5	3680753.0	3973803.0	4169337.0	4411016.0	4613504.0	4784177.0	4756874.5	4611923.5	4543324.0	4598212.5	4789935.5	5126925.0	5214270.0	5085934.5	4989418.0	4962610.0	4943743.5	4597722.5	3890329.5	3103789.5	2570807.5	2755213.5	3231183.5	3260980.0	2281361.5	1230292.5	1006141.0	850515.5	761701.0	601284.0	439489.5	346986.0	246072.5	161051.5	121686.0	77568.0	33669.5	16190.0	6085.0	3085.0	1786.0	1197.5	881.0	650.5	527.5	415.0	312.0	237.5	167.0	110.5	81.5	57.0	36.0	26.5	29.5	58.5	162.0	195.5	92.0
GLDS-375_rna-seq_GC2-1R_R2_raw	28039.0	22949.0	17219.0	18192.0	20651.5	22478.0	24712.0	27699.0	31098.5	34292.0	37734.0	41303.0	44757.0	48316.5	51664.0	54866.5	57500.5	59819.5	62263.5	64793.0	67239.0	70049.0	73209.5	77549.0	88833.5	108975.5	127066.5	151917.0	201215.5	270051.0	357104.5	490530.5	660592.5	880865.5	1150814.0	1453316.0	1916206.0	2343997.5	2690973.5	3038129.0	3354931.0	3661634.5	3978717.0	4228624.5	4331193.5	4380399.0	4527525.5	4780153.5	4816138.5	4719579.0	4717821.5	4590478.0	4472975.0	4693264.0	4778989.5	4462662.0	4343288.5	4160010.5	3653465.5	3639162.5	3718917.5	3233779.0	2630998.0	2166188.5	2892426.0	3664433.0	2357565.5	1071252.5	838650.0	669959.5	552155.5	455891.5	323673.5	235481.0	193543.0	145266.0	103086.5	69937.0	45101.5	28698.0	19996.5	17142.0	15575.5	14808.5	14174.5	13718.0	13476.0	13183.5	12902.5	12568.0	12198.5	11943.0	11748.5	11530.5	11526.5	11754.5	12306.0	13614.5	16204.0	23667.5	242237.5
GLDS-375_rna-seq_GC2-1S_R1_raw	9577.0	9596.5	11324.0	15873.5	17489.0	13065.0	7712.5	4849.5	3524.0	2349.5	1615.0	1371.0	1279.0	1316.0	1942.0	3860.0	5362.0	7657.5	15373.5	23420.0	37448.0	55435.0	66582.0	93505.0	138132.5	228568.0	385159.0	479431.0	573022.5	788690.0	1011672.0	1198219.0	1357563.0	1544725.5	2224543.0	3004267.0	3161249.5	3538782.0	4134456.5	4390968.0	4844286.5	5061315.5	5065913.0	5299630.5	5377640.5	5188389.5	5109162.5	4973338.0	4515181.0	4127101.5	3889424.5	3781124.0	3803812.0	4170980.0	4410505.5	4332169.5	4076099.5	3852168.5	3734831.0	3230025.0	2474959.0	1841794.5	1462107.5	1315936.5	1264067.5	1203010.0	897148.5	573657.5	457847.0	366637.0	389258.0	319419.0	180533.0	120872.0	82141.5	54640.5	43101.0	27122.0	10486.5	4632.5	1796.0	1047.5	717.0	512.5	377.5	319.5	325.0	308.0	252.0	184.5	116.0	73.0	47.5	33.0	26.0	23.0	36.0	68.0	179.5	208.5	88.0
GLDS-375_rna-seq_GC2-1S_R2_raw	38895.0	27754.0	16498.5	19337.5	24598.5	28464.0	31621.5	35475.5	39771.0	44354.5	49458.5	54730.0	59432.5	63505.0	67812.5	72517.5	77008.5	81252.5	90996.5	105959.0	130939.5	181595.0	258360.0	264746.5	263667.5	288376.5	360708.0	483850.5	623046.5	728676.5	826162.5	1118457.0	1324403.0	1359804.5	1630653.0	2035172.5	2832888.5	4269166.5	4830681.0	4389006.5	4507490.0	4888345.0	5125034.0	5626371.0	5744943.5	5322213.0	5020844.0	5021667.5	4844836.5	4429410.5	4164063.5	3818404.0	3656372.5	4019470.5	4230206.0	4118349.0	3902715.0	3410657.5	2853625.0	2571660.0	2369666.5	2074376.5	1812902.0	1445946.0	1319920.0	1344608.5	926453.5	518575.5	399629.5	302962.0	240824.0	189967.5	126989.0	96696.5	84783.5	63871.5	44850.5	32506.5	24259.5	17480.5	13709.5	12889.5	12428.0	12055.5	11834.5	11569.0	11258.0	10947.0	10589.0	10365.5	10174.0	9935.0	9753.5	9712.5	9929.0	10152.5	10712.0	11950.5	14453.5	21523.0	179299.5
GLDS-375_rna-seq_GC3-1R_R1_raw	6329.0	6647.5	7989.5	10472.5	11506.5	8905.5	5371.0	3604.5	2778.0	2056.0	1608.5	1413.0	1299.5	1201.5	1226.0	2047.5	2473.5	2476.5	4102.0	5100.0	5710.0	8106.0	11397.0	15658.5	22519.5	34457.0	57111.5	85482.0	128778.5	191166.0	280884.0	399349.0	525886.5	681901.5	913992.5	1173884.5	1461886.5	1840766.5	2238407.0	2643624.0	3171566.5	3543618.5	3727746.0	3958107.0	4188665.0	4451958.5	4645817.0	4622607.5	4444167.0	4271827.5	4094095.0	4026303.0	4054782.5	3829062.5	3465372.5	3298114.0	3226592.0	3031790.0	2944911.0	3021069.0	2848732.5	2463446.0	2110134.5	2408917.5	2876722.0	2751279.0	1845667.0	1015243.5	870655.5	688637.5	612487.5	500669.5	336979.0	271482.5	182274.5	103441.5	79160.5	53431.0	23816.5	11229.0	3067.0	1559.0	1032.5	742.5	591.5	482.0	407.0	340.0	260.5	210.0	154.0	97.5	72.0	60.5	34.5	22.5	31.0	45.5	123.0	148.5	62.0
GLDS-375_rna-seq_GC3-1R_R2_raw	23619.0	20668.5	18289.5	21424.0	26817.0	32151.0	37195.0	42740.0	48780.5	54783.5	60486.0	66431.5	72195.0	77039.5	81717.5	86356.0	90619.0	94136.5	96839.5	99420.5	102277.0	105519.5	107939.5	111559.5	121075.5	136546.0	154033.0	178923.0	221688.0	286428.0	372524.0	504360.5	668699.0	885468.5	1158201.0	1442698.5	1814840.5	2206375.0	2596639.0	2982069.0	3340510.0	3668551.0	3915678.5	4126634.0	4277188.0	4373378.0	4431769.5	4410648.5	4311805.0	4111494.5	3972305.5	3982199.0	3845964.5	3540971.0	3180392.0	2913144.5	2935399.0	2854681.5	2547333.0	2509301.5	2512683.0	2148799.5	1824588.0	1696572.5	2494087.0	3150622.5	1886647.0	748092.5	634199.5	519480.0	431381.0	381619.5	274309.5	190734.5	139200.5	103764.5	84755.0	62629.0	45287.5	35144.0	29774.0	28116.0	26911.5	26220.5	25583.5	24779.5	24320.0	23994.5	23450.0	22902.0	22537.5	22067.0	21719.5	21646.5	21511.5	21491.0	22204.0	23660.0	27317.5	38588.0	250794.0
GLDS-375_rna-seq_GC3-1S_R1_raw	10120.0	9819.0	11439.0	16348.0	19419.0	15488.5	8810.5	5363.5	3907.5	2653.5	1842.5	1548.5	1461.5	1524.0	2346.0	4528.0	6121.5	7931.5	15848.5	23172.0	33393.0	45159.0	52501.0	75134.0	108767.5	173700.0	287130.0	371352.0	467196.0	641281.5	839591.5	1030699.5	1211837.5	1437155.5	1961015.0	2559083.0	2830834.5	3280707.0	3827730.5	4158278.5	4667547.5	4868310.0	4811663.5	5008574.5	5177207.0	5251251.0	5266020.5	4990558.0	4496879.5	4230012.5	4030814.5	3896497.0	3764214.5	3481454.0	3253108.0	3212424.5	2880991.5	2446412.0	2532014.5	2587915.5	2311458.0	1879247.5	1502440.5	1545269.0	1735027.0	1634469.5	1145344.5	819880.0	795729.5	595137.5	616033.5	565481.0	337070.5	265718.5	202271.0	146225.5	140241.0	107523.5	55572.0	28071.0	4717.0	1975.5	1171.0	775.0	583.0	493.5	449.5	412.5	316.0	217.0	152.5	105.0	71.5	42.5	34.5	27.0	23.5	34.0	77.0	85.5	36.0
GLDS-375_rna-seq_GC3-1S_R2_raw	43698.0	31281.0	19347.5	23726.0	31273.5	37646.5	43465.0	50447.0	58224.0	66325.5	74455.5	82226.5	89326.5	95445.5	101660.5	107909.5	113503.5	118941.5	128160.5	142352.5	163673.5	191382.5	230219.5	242081.5	254020.0	275932.5	331750.0	418991.5	520220.5	619012.5	732057.0	983772.5	1200835.5	1340362.5	1656054.0	2062206.5	2709290.5	3747153.5	4353905.0	4235595.0	4295301.5	4606667.0	4825479.0	5202928.5	5401200.5	5188959.0	4893588.0	4741296.5	4564476.5	4277755.0	4098152.0	3966326.5	3717294.5	3606716.5	3289824.5	2940730.5	2946988.5	2780119.5	2385294.0	2144910.5	2118016.5	1891332.0	1579171.5	1360942.0	1669761.0	1918291.0	1166577.0	529975.0	471426.5	390381.0	344658.5	316523.5	236508.5	184223.5	136779.5	102256.0	91203.5	80535.0	68712.5	40324.0	18606.5	15851.5	14594.5	14018.5	13564.0	13108.5	12742.0	12425.0	12174.5	11986.0	11900.5	11794.5	11770.5	11816.5	12122.0	12911.5	14015.5	15935.0	19986.5	30363.5	150351.0
GLDS-375_rna-seq_GC4-1R_R1_raw	15891.0	16138.5	19271.0	25752.0	28241.5	21239.5	11588.0	6769.5	4628.0	2780.5	1770.5	1403.0	1200.0	1127.0	1184.0	2126.5	2710.0	2837.5	4994.0	6297.5	6987.5	9652.0	12943.5	17665.0	25822.0	38732.0	64541.0	95473.0	141340.0	209124.5	306288.0	436391.5	575968.5	745605.0	997249.5	1284998.5	1601247.0	2018225.0	2450429.5	2888494.5	3463373.5	3870657.0	4084344.5	4316187.5	4514764.0	4731986.5	4854006.0	4769003.0	4556476.0	4310802.5	4028767.5	3824809.5	3732383.5	3558776.0	3320827.5	3114236.5	2983768.0	2837200.0	2978141.5	3390611.5	3280493.0	2723697.5	2259087.5	2787159.5	3614311.5	3565578.0	2319575.0	1149307.0	949276.5	757421.5	645913.0	507616.5	358415.5	288427.0	191298.0	107610.0	77435.5	50542.5	19882.5	8626.5	3275.5	1775.0	1196.0	911.0	748.5	596.5	509.5	420.5	317.0	264.0	181.0	103.0	78.0	56.0	40.0	40.0	40.5	61.0	161.0	189.5	83.0
GLDS-375_rna-seq_GC4-1R_R2_raw	64295.0	48997.5	31102.5	28673.0	28315.0	26929.0	25804.5	26574.0	28622.0	30818.5	33450.0	36422.0	39544.5	42842.0	46115.0	49513.5	52519.5	54833.5	57502.0	60892.5	64023.0	66830.0	69253.5	73229.0	84459.0	103502.0	122479.0	150093.5	201944.0	276777.0	374518.0	531413.5	723761.0	977117.5	1295050.0	1608726.5	2035879.0	2499230.0	2940931.5	3372965.5	3774823.0	4128010.0	4378954.5	4596168.0	4742416.5	4802238.5	4774594.0	4650240.5	4471341.5	4204981.5	3944697.0	3778313.5	3569069.0	3310877.5	3006804.0	2713997.5	2672536.0	2659778.5	2443727.5	2678375.0	3027564.0	2521115.0	1833128.5	1632995.0	3033960.5	4251050.5	2563845.0	939677.0	737924.0	579560.5	473158.5	386595.5	278321.5	199283.0	142413.5	98795.0	71563.5	47642.5	29805.5	20144.0	15133.5	13489.5	12676.5	12192.0	11881.5	11627.0	11367.5	10995.0	10850.5	10808.0	10660.0	10563.5	10465.0	10363.5	10440.0	10570.5	10872.0	11710.5	13509.0	18865.0	129595.5
GLDS-375_rna-seq_GC4-1S_R1_raw	10438.0	10312.0	11762.5	15650.0	17368.5	13501.5	8253.0	5662.0	4316.5	3143.5	2549.0	2248.0	2108.0	2297.0	3463.5	5928.5	7940.0	11535.5	22740.5	34983.0	54792.0	77126.0	89856.5	126228.5	186515.0	310758.0	567176.5	692913.0	770501.0	1050913.0	1340196.5	1583052.0	1800154.5	2054744.0	2875146.5	3858293.0	4049240.5	4498668.5	5225804.0	5527407.5	6051324.0	6252373.5	6144623.0	6299216.5	6343989.5	5986968.0	5674043.5	5239452.5	4546339.5	3990686.0	3509379.5	3121682.5	2774740.0	2636303.0	2574491.5	2469052.0	2211739.0	1860704.0	1871581.0	2001235.5	1782868.0	1352586.0	1063342.0	1210938.0	1467940.0	1444726.0	958431.0	509196.0	419826.5	322844.0	314122.5	262492.0	158856.0	113768.0	74820.5	45720.5	34593.5	23297.0	9638.0	4252.0	1644.0	979.0	706.5	509.5	388.5	331.5	330.0	346.0	306.0	221.5	138.5	99.0	56.0	33.5	29.5	27.0	36.5	66.5	144.5	148.5	63.0
GLDS-375_rna-seq_GC4-1S_R2_raw	34805.0	27173.5	22186.0	31779.0	45417.5	56951.5	66686.5	76668.5	86700.0	96500.0	106454.5	116872.0	126793.0	134945.5	141923.5	148795.5	154794.0	160354.5	172278.0	191378.0	222731.5	279411.5	370360.5	386055.5	394507.5	427568.5	514850.0	673451.5	862705.0	997034.0	1114170.5	1475639.0	1748866.0	1819619.5	2172823.5	2669807.0	3521565.5	5134471.5	5884534.5	5391479.5	5425183.0	5861492.5	6088997.0	6602958.0	6744290.0	6166371.5	5475402.0	5039264.0	4635635.0	4025331.0	3504620.0	3045501.5	2725789.0	2592291.0	2421747.0	2462330.0	2318870.0	1828636.5	1539289.5	1534745.0	1652803.5	1413709.0	1064335.0	892049.5	1308722.5	1691237.0	1028695.0	407232.5	318934.5	253342.5	213986.0	178389.5	133292.0	104143.0	83917.5	66949.5	54426.5	45913.0	39254.5	33220.5	29672.0	28525.0	27716.5	27371.5	27105.5	26744.0	26342.5	26232.0	26051.0	25734.5	25639.5	25592.5	25475.5	25299.5	25497.5	26058.0	27292.5	29840.0	34678.0	47980.0	234225.0
GLDS-375_rna-seq_GC5-1R_S8_L002_R1_raw	2569.0	3034.0	3606.0	3336.0	2765.5	2319.5	1918.5	1711.0	1541.5	1343.0	1191.5	1083.0	1011.5	975.0	930.0	889.5	898.5	941.0	1041.0	1226.0	1538.5	1962.5	2517.5	3599.5	5980.0	9590.0	14194.5	21215.5	33422.0	50481.5	72322.0	103870.0	144707.0	196364.5	260824.0	335063.5	434343.5	532099.0	627247.5	736365.5	846739.5	955909.5	1050816.5	1115411.0	1153675.0	1177693.5	1181410.5	1172638.5	1150620.0	1114803.0	1067972.5	1007744.5	945991.5	904727.5	856850.0	784294.0	754446.0	822583.5	821921.0	765786.5	719638.0	615847.5	549357.5	515025.5	608501.0	679561.0	467577.5	273850.0	227474.0	180175.0	152419.0	128762.5	88934.0	61648.0	44013.0	30667.0	21112.5	12076.5	5582.0	2162.0	695.5	279.5	133.0	86.0	59.0	40.0	37.5	32.0	20.0	16.5	15.0	12.0	11.0	10.0	8.5	6.5	11.5	23.5	59.0	55.0	12.0
GLDS-375_rna-seq_GC5-1R_S8_L002_R2_raw	6426.0	8766.0	13028.5	16583.0	19677.5	22364.0	24736.5	26827.0	28484.5	29746.5	30476.0	31100.5	32051.5	32481.0	32318.5	32650.5	33013.5	32843.5	33028.5	33422.5	33964.5	34805.0	35540.5	37077.5	39905.0	43739.0	49566.0	57064.0	68363.0	83369.0	103240.0	128716.5	159618.5	201366.0	252732.5	315486.5	389943.0	474153.5	565535.0	669268.0	766722.5	859912.5	953569.0	1012148.0	1049012.5	1079995.0	1089814.5	1086183.0	1060705.0	1022458.0	972706.0	926125.0	896526.5	848433.0	780438.5	722925.0	675467.0	656680.0	683114.5	730025.0	764856.5	703739.0	623014.0	631654.0	626559.0	553960.5	418573.0	309986.5	261235.0	209184.0	195545.5	168356.0	125292.5	107110.5	78746.5	51540.5	43832.5	34879.5	23445.0	19149.0	17087.0	16735.0	16458.5	16286.0	16410.0	16546.0	16580.0	16556.0	16716.0	16798.5	16827.5	17281.5	17690.5	17903.5	18571.5	19612.5	20807.0	22910.0	26460.0	35111.5	108178.5
GLDS-375_rna-seq_GC5-1S_S7_L002_R1_raw	1212.0	1570.5	2180.5	2401.0	2263.0	2003.0	1778.0	1746.0	1757.5	1665.0	1513.5	1425.5	1375.0	1305.5	1307.5	1401.0	1541.5	1877.0	3546.0	5968.0	9634.5	15627.5	27889.0	33998.5	34869.5	42593.5	62567.5	87835.5	130494.0	170193.5	195933.0	241598.5	287038.5	316333.0	389219.0	478464.0	613652.0	826104.0	891395.5	834980.0	884810.0	987242.5	1080441.5	1180601.5	1188060.0	1099113.0	1011919.0	948703.5	875698.5	818589.0	758757.5	661365.5	593536.0	595829.0	604971.0	593411.0	549681.5	507078.0	473807.0	422236.0	378450.5	335880.0	298499.0	254476.0	235621.5	230106.5	166350.0	105288.5	85693.0	65108.5	50897.5	38660.5	25412.0	18793.5	14739.5	10637.5	6979.0	4048.5	2035.5	832.0	241.0	103.0	58.0	40.5	25.0	15.5	9.5	12.0	15.0	11.0	8.5	7.0	8.0	12.0	11.5	11.0	18.0	30.0	57.5	49.5	11.5
GLDS-375_rna-seq_GC5-1S_S7_L002_R2_raw	7740.0	10930.0	16683.0	21840.5	26493.5	30041.5	33274.5	35759.0	37112.5	38351.5	39209.5	40019.0	40672.5	40664.0	40730.5	40676.5	40360.5	41071.0	42455.5	44392.0	48174.0	54052.0	57708.0	61640.0	69320.0	88784.5	125070.5	153063.5	174955.0	210311.0	254354.0	291834.5	319180.5	353158.5	433359.0	548284.5	616109.0	685252.0	763528.0	821397.0	889027.5	932748.5	987816.5	1010956.0	991905.5	948172.0	880849.0	840271.5	784145.5	713355.0	647849.5	594233.5	555828.0	546654.5	536274.0	499895.0	446475.5	401846.0	397098.0	395651.5	382487.5	341379.5	292142.5	269275.5	241508.5	206717.5	160409.0	122221.5	103147.0	82943.0	82235.0	71443.0	48633.0	38557.5	30983.0	25310.0	22955.0	20494.5	17939.5	16689.5	16099.0	15927.5	15629.0	15633.0	15547.5	15412.0	15538.0	15610.0	15674.0	15788.5	15836.5	15970.5	16209.5	16440.0	16710.5	17274.5	18341.5	20089.5	23054.5	30550.0	96415.0
GLDS-375_rna-seq_GC6-1R_R1_raw	6095.0	6292.5	7444.0	9500.5	10059.0	7698.0	4651.0	3000.5	2172.5	1524.5	1171.5	996.5	885.0	878.0	961.5	1645.5	2054.5	2204.0	3832.0	4957.0	5895.5	8501.5	11828.5	16917.0	25472.5	40217.0	67911.5	103811.5	153954.5	223710.0	325394.5	459377.5	609355.0	795502.5	1061256.0	1360537.5	1695264.0	2129634.0	2587660.0	3066777.0	3670850.5	4117048.0	4364077.5	4636102.0	4899302.0	5150062.5	5295405.0	5248124.0	5055765.5	4820631.0	4579837.5	4453563.0	4417326.5	4178617.5	3819897.5	3629270.0	3525592.5	3314494.0	3298189.0	3530647.5	3405439.5	2930934.0	2487704.5	2991864.5	3732045.5	3650187.5	2440058.5	1261333.5	1060491.5	847830.5	752031.0	608304.0	422665.5	346360.0	232883.0	132065.5	103426.0	71480.0	30429.0	14233.5	4780.5	2606.5	1623.0	1112.5	861.5	722.0	597.0	497.5	376.5	287.5	205.5	126.0	101.0	67.0	37.5	36.0	37.5	49.5	123.5	147.5	68.0
GLDS-375_rna-seq_GC6-1R_R2_raw	21640.0	18362.0	14842.0	15809.5	18142.5	19975.5	21866.0	24759.0	27705.0	30505.0	33388.0	36394.5	39501.0	42409.0	45296.0	48220.5	51128.0	53592.0	55853.0	58592.0	61656.0	64786.5	67827.0	72388.0	83983.5	103462.5	124791.0	156665.0	211088.5	290877.0	398254.5	563055.5	768372.5	1035634.5	1366552.5	1712072.0	2166362.5	2639561.0	3102964.0	3564987.5	4007947.5	4416411.5	4716504.5	4957589.0	5119839.0	5207685.5	5218888.0	5141708.0	5001665.5	4740207.0	4520360.0	4442253.0	4237394.0	3881725.5	3490490.0	3203188.0	3164303.5	3114892.0	2877741.5	2937406.0	3026866.5	2548409.5	2092226.0	1941940.0	3212050.5	4266174.5	2521937.5	942030.0	778845.5	634060.5	534286.0	463786.5	329110.5	225751.0	161381.5	115989.0	89185.5	61782.0	39217.0	25749.5	19152.5	16951.5	15559.0	15019.5	14745.0	14374.0	14058.5	13798.5	13492.5	13299.0	13122.5	12872.5	12771.0	12645.5	12548.0	12721.0	13223.5	14210.5	16296.0	22950.0	226897.5
GLDS-375_rna-seq_GC6-1S_R1_raw	9780.0	9749.0	10291.5	12246.5	13096.0	10098.0	6034.0	3901.0	2815.5	1941.5	1446.5	1257.0	1270.0	1362.0	2257.5	4729.5	6701.0	9764.0	20488.5	30688.0	47199.0	66430.0	76998.5	110119.5	162722.5	270976.5	501640.0	619203.5	691351.0	939988.0	1195799.5	1418321.0	1621982.0	1853701.5	2534125.5	3314917.0	3492740.5	3903004.5	4516918.0	4804833.0	5343014.0	5501242.5	5338361.5	5473365.5	5566126.5	5450490.5	5330410.5	4989846.0	4398457.0	3964734.0	3595902.5	3284812.0	3050348.0	2959594.0	2912285.5	2836061.0	2556615.0	2200396.0	2169774.0	2189655.5	1898788.5	1440700.0	1122579.5	1310339.0	1601795.5	1575894.5	1023107.5	483987.0	406223.0	313231.5	299787.0	248342.5	147549.0	105837.5	69629.5	42584.0	32855.5	22049.5	9210.0	4183.0	1556.5	930.0	604.0	430.0	333.0	291.0	317.0	311.5	239.5	154.5	96.0	70.5	46.5	25.0	17.5	14.5	18.0	37.5	83.5	84.0	31.0
GLDS-375_rna-seq_GC6-1S_R2_raw	29390.0	23606.5	18110.0	21897.5	28308.5	33702.5	38158.5	43101.0	48762.5	54614.5	60975.0	67191.5	73435.5	79156.0	84695.5	90663.0	96545.5	102613.5	114391.0	133204.5	164382.5	220902.0	305552.5	312249.5	310485.5	343141.0	428097.0	576433.0	750565.5	874980.5	995114.5	1338039.5	1615751.0	1721856.0	2069264.5	2544536.5	3313340.5	4695355.5	5265887.0	4811603.0	4869002.5	5218235.0	5451892.0	5878975.5	5970424.0	5544314.5	5058548.0	4792609.0	4458055.0	3980818.5	3617591.0	3259289.5	3015669.5	2960928.5	2807214.0	2744006.0	2617661.0	2156224.0	1776277.0	1730918.5	1733489.5	1427749.5	1130896.5	962283.0	1461681.0	1897913.0	1075836.5	342734.0	265947.0	212578.0	175479.0	144339.0	103127.0	76917.5	59426.5	44039.5	34039.0	26882.0	20507.0	15085.5	12298.0	11610.0	11237.5	10947.0	10653.0	10343.5	10148.0	9941.0	9693.0	9487.5	9346.0	9276.5	9305.5	9448.0	9709.0	10256.0	11218.0	12947.5	16379.5	25348.0	177661.0
GLDS-375_rna-seq_GC7-1R_R1_raw	8031.0	8566.5	9960.5	12768.5	13686.0	10208.5	6028.5	3799.0	2789.0	1839.0	1224.5	980.0	885.0	877.0	937.5	1801.0	2361.0	2434.5	4158.0	5247.0	6193.0	9059.0	12730.5	18013.0	27106.5	42588.5	71777.5	109435.5	160986.0	232960.0	338669.0	479809.5	638962.5	836167.5	1116385.5	1434070.5	1790644.5	2257737.0	2747505.0	3242346.0	3867658.0	4344086.0	4594006.5	4854204.5	5107392.0	5357791.0	5507959.5	5477611.5	5312044.5	5074479.5	4800103.5	4641065.0	4556186.5	4349707.0	4054103.5	3809580.0	3640899.5	3462590.0	3408042.0	3427778.0	3079185.5	2554997.5	2120828.0	2193708.5	2455351.5	2329859.0	1561422.5	784479.5	621237.5	465404.5	376210.5	278379.0	162022.0	111273.5	66692.5	33068.5	21877.5	12719.0	4751.0	2240.5	1244.0	859.0	646.5	529.0	475.5	426.0	372.5	283.5	219.0	198.0	137.5	92.0	62.5	38.5	33.0	29.5	27.5	49.5	132.5	159.5	79.0
GLDS-375_rna-seq_GC7-1R_R2_raw	29606.0	25211.5	19336.5	18808.0	20017.5	20687.0	21684.0	23509.0	25826.0	28315.0	31229.5	34355.0	37466.0	40539.5	43687.5	46835.5	50114.5	52665.0	54824.5	57725.5	60404.0	62689.0	65163.5	69780.5	82688.0	107851.0	130031.0	159924.5	219857.5	307293.5	423466.5	605450.5	832459.5	1123561.0	1485095.5	1860623.0	2349025.5	2846358.0	3327026.0	3814649.5	4239274.5	4617897.0	4925380.5	5147732.0	5280627.5	5355615.0	5359320.0	5299910.0	5178429.0	4904366.5	4635774.5	4471965.0	4253110.0	3982996.5	3643946.0	3308578.5	3177740.0	3056444.5	2781130.5	2832142.5	2872454.5	2322323.5	1794450.0	1539617.0	2078839.5	2577953.5	1554326.5	596168.5	454595.0	344342.0	263403.0	209602.0	135694.0	82144.5	54643.5	37110.0	27058.5	17381.5	12137.5	10211.5	9279.5	8653.0	8274.5	8157.0	7852.0	7467.5	7265.0	7161.5	6951.5	6792.5	6635.0	6505.0	6610.5	6688.5	6751.0	6933.5	7407.0	8259.0	10096.0	15613.5	184746.5
GLDS-375_rna-seq_GC7-1S_R1_raw	18914.0	18754.0	21525.0	29283.5	34046.5	26462.0	14375.0	8384.0	5669.0	3461.5	2175.0	1689.5	1513.0	1510.5	2509.0	5326.5	7396.5	9565.5	19855.0	29844.0	44717.0	61439.0	71394.0	102640.5	148533.0	239179.0	405659.5	535287.5	659456.0	882817.0	1129061.0	1363094.0	1601631.0	1868244.5	2568446.5	3394206.0	3670340.5	4160574.0	4749747.5	5012746.5	5580104.5	5707396.0	5496059.5	5636897.5	5687280.5	5497593.5	5353350.5	4938718.0	4280189.5	3833481.0	3450508.0	3192425.5	3018142.0	2930986.5	2880454.5	2777264.0	2464518.5	2091812.0	2011396.5	1958346.0	1661216.0	1282245.0	1017517.0	1131865.0	1302741.5	1202697.5	788410.0	433673.5	366692.5	273958.5	261587.5	217838.0	126310.5	89566.5	58702.0	35699.0	26990.0	17619.5	7309.5	3167.5	1195.5	764.0	577.5	406.5	312.0	267.0	271.5	257.5	224.5	183.0	117.0	77.5	45.0	27.5	22.5	20.5	20.5	30.5	96.0	110.0	38.0
GLDS-375_rna-seq_GC7-1S_R2_raw	76345.0	54016.0	29190.0	28762.0	32612.0	34746.0	36211.0	39705.5	44107.0	48711.0	54058.5	59569.5	64845.5	70055.0	74917.5	80339.5	86073.0	91545.0	103698.5	123894.5	155413.5	200664.5	273439.0	289073.0	299076.0	325626.5	396817.5	533569.0	682524.0	791287.5	916399.5	1263901.5	1522596.5	1616481.5	1971784.0	2441942.0	3249872.5	4716766.0	5522207.0	5100199.5	4995509.0	5360105.5	5534843.0	5983609.5	6143959.0	5683152.0	5140059.0	4819210.0	4476472.5	3953401.5	3539123.5	3212849.0	2976685.5	2921965.5	2774220.0	2660700.0	2540832.0	2099113.0	1720665.5	1604961.5	1559957.0	1304088.0	1052731.5	912078.5	1201040.5	1475182.5	877589.0	330836.0	264910.5	209551.5	171439.0	141714.0	101013.5	75945.0	57142.5	40484.5	31289.5	23666.5	17406.0	13082.0	10979.0	10455.5	9953.0	9606.0	9477.0	9342.5	9188.0	8965.0	8817.5	8885.0	8908.5	8903.0	8978.0	9123.5	9366.0	9851.5	10852.0	12414.5	15414.0	23444.5	177071.5
GLDS-375_rna-seq_GC8-1R_R1_raw	2319.0	2555.0	3333.5	5083.5	5424.0	3755.5	2324.5	1489.5	1091.0	795.5	635.0	547.0	533.0	563.5	595.0	837.0	1071.5	1210.0	1691.5	2116.5	2689.0	3793.5	5219.0	7267.5	10386.5	15210.5	23732.0	34134.5	49380.5	71830.5	103485.0	143902.5	189834.0	247346.0	328736.0	463994.5	650603.5	819676.0	1011795.0	1241444.0	1464677.0	1661499.5	2150174.5	2580821.5	2746850.0	3055058.0	3502255.0	4459884.5	5038672.0	5385003.0	6161884.0	7073912.0	8388464.5	11285630.0	12962904.0	12687383.5	12336276.0	12398627.5	12087824.5	9594381.0	6691458.5	4775957.0	3723756.5	2757128.5	1978672.0	1682392.5	1272057.0	707377.0	455243.5	408197.5	377462.0	242944.0	139227.0	80757.0	51985.0	34391.5	23907.0	11031.5	3653.0	1738.5	894.0	585.5	413.0	291.0	215.5	165.5	121.5	108.0	84.5	50.0	31.5	28.0	27.5	26.5	22.0	19.5	21.0	36.5	116.5	129.0	54.0
GLDS-375_rna-seq_GC8-1R_R2_raw	11485.0	8810.0	5920.0	6339.0	7133.5	7622.0	8417.5	9454.0	10504.5	11531.5	12739.5	13973.5	15238.0	16620.5	17844.0	19351.0	20924.5	22006.0	23671.0	25445.0	26929.5	28887.5	30917.5	33429.0	38498.5	47299.0	54752.5	64419.0	83337.5	110204.0	145188.5	194794.0	257568.0	342695.5	456014.0	709131.5	1347883.5	1724805.0	1758107.0	1783012.5	1802693.5	1922761.5	2356092.0	2719534.5	2786769.5	2885210.5	3555815.5	4969397.5	5880417.5	6427666.0	7037996.5	7001043.0	7627580.5	9850389.5	11475024.5	11365521.0	11100867.0	10216656.0	8776857.5	8141539.5	6884988.0	5637259.0	4993290.0	3737991.0	2514214.5	1898220.0	1328834.5	812525.5	578761.0	430560.5	276938.0	190808.5	125310.5	89928.5	86399.5	65125.0	41793.0	27883.5	22306.5	20122.0	19259.0	18763.0	18318.5	18151.0	18028.0	17676.5	17283.0	17060.5	16854.5	16680.5	16244.0	15831.0	15614.0	15305.5	14903.0	14595.0	14434.5	14465.5	15377.5	19685.0	206526.0
GLDS-375_rna-seq_GC8-1S_R1_raw	7749.0	7641.0	8888.5	12672.0	14216.5	10604.0	6125.0	3840.0	2782.0	1867.5	1353.5	1191.5	1191.0	1259.0	2106.5	4532.5	6679.5	10139.0	20432.5	32534.0	53808.5	78251.5	93333.0	131693.0	198083.0	327168.0	572896.0	708510.0	804831.0	1095976.0	1392652.0	1637546.5	1832862.5	2051010.0	2907202.5	3888739.0	4012940.0	4432920.5	5155323.0	5357446.0	5753200.0	5976252.0	5862289.0	5979959.0	5971661.5	5506313.0	5126482.5	4690278.5	4060065.5	3556355.0	3104363.5	2735845.0	2398980.0	2261571.0	2215984.5	2125069.5	1872406.5	1552846.5	1570714.0	1667793.5	1480572.5	1139685.0	907812.0	1019324.0	1199635.5	1198953.0	822656.5	440588.0	364030.0	281683.5	271709.5	226364.0	140679.0	103348.5	67680.5	40539.5	30576.0	20582.0	8602.5	3767.0	1482.0	866.5	624.5	447.0	347.5	318.5	349.0	369.0	306.5	220.5	131.0	85.0	60.0	27.0	22.5	23.0	31.0	75.5	164.0	163.0	63.0
GLDS-375_rna-seq_GC8-1S_R2_raw	31638.0	22772.0	13688.5	15715.5	19535.0	22430.5	24872.5	27462.5	30605.5	34108.0	37897.5	41829.0	45248.0	48577.5	52176.5	55888.5	59993.5	64727.0	77588.0	97021.5	128804.5	190227.0	279225.5	292618.5	304240.0	344026.0	442780.5	620789.0	844164.0	987463.0	1099958.0	1492022.5	1756214.5	1783511.0	2138076.0	2636538.5	3482804.5	5241321.0	5933166.0	5252835.5	5318300.0	5742830.0	5946294.0	6498163.5	6574571.5	5905872.5	5237787.5	4777742.5	4333974.0	3717640.5	3188899.0	2704066.0	2363842.5	2252070.5	2113374.0	2174225.5	2039161.5	1588414.0	1339499.0	1307753.0	1396399.5	1179547.0	875921.0	746002.0	1064720.5	1397646.5	878879.0	346919.0	272501.0	212250.0	175911.5	143390.0	102625.5	76656.5	57519.5	41582.0	30350.5	21901.0	15687.0	10493.0	7483.0	6793.5	6441.0	6288.5	6154.0	5986.5	5845.5	5753.5	5670.0	5567.5	5458.0	5452.5	5532.5	5577.5	5719.0	5999.0	6551.0	7513.5	9346.0	14408.5	147987.5
GLDS-375_rna-seq_GC9-1R_S12_L002_R1_raw	3296.0	4212.0	5192.0	4598.5	3499.0	2673.0	1980.0	1533.5	1311.0	1133.0	1024.5	892.0	802.5	790.0	732.0	712.5	726.5	774.0	916.5	1141.0	1488.0	2092.5	2856.0	4033.0	6677.5	11486.5	17724.0	26474.0	41101.5	61856.0	89509.0	128869.0	179530.5	242937.0	322938.5	415037.5	541600.0	660176.5	768242.0	904177.5	1037793.5	1163939.5	1278554.5	1355578.0	1399694.0	1429527.0	1435863.5	1420582.0	1391999.5	1356391.0	1306987.0	1234497.5	1157519.0	1110618.0	1057717.5	983458.0	956496.5	1028228.0	1034956.0	970589.5	913343.0	793679.0	701114.0	652640.0	754536.5	843493.5	606927.5	378170.0	319452.5	254486.5	213412.5	178678.5	123346.5	84804.0	59127.5	41377.5	29482.5	16681.5	7633.0	3100.5	919.0	370.0	188.5	116.5	76.5	54.0	37.5	27.0	20.0	16.5	10.0	11.0	11.5	8.0	5.0	6.5	15.5	26.5	61.5	54.5	10.5
GLDS-375_rna-seq_GC9-1R_S12_L002_R2_raw	5530.0	7328.5	10357.0	12337.0	13811.0	14946.5	15842.5	16766.0	17401.5	17863.0	18224.5	18471.0	18653.5	18721.0	18816.5	18839.5	18887.0	19077.5	19471.5	19999.0	20604.0	21523.0	22706.5	24663.5	28227.0	33168.0	40511.5	50390.0	64436.0	82700.5	108255.5	141269.5	179852.5	231973.0	296876.5	378454.5	476213.5	585101.0	700184.0	846159.5	968146.5	1068782.0	1191200.0	1267316.5	1311073.0	1348802.5	1361752.0	1361762.0	1339966.5	1300014.5	1233512.0	1181678.5	1146704.0	1086946.5	1008237.5	937506.0	879334.0	851045.0	886258.5	943433.0	985190.0	919939.5	820530.0	837407.5	835898.5	746871.0	580273.0	433437.5	368783.0	299082.5	276129.5	233689.0	170959.5	141385.5	97421.5	58470.0	47154.5	34657.5	19484.5	13588.5	10508.0	9884.0	9715.5	9666.5	9617.5	9761.0	9835.5	9826.5	9850.5	9909.5	10060.0	10229.0	10444.0	10607.5	10974.5	11473.5	11964.0	12893.5	14447.0	18328.0	49289.5
GLDS-375_rna-seq_GC9-1S_S11_L002_R1_raw	2657.0	3237.0	3899.0	3535.5	2728.0	2104.5	1595.5	1260.5	1107.5	983.0	880.0	803.0	730.5	688.5	708.5	822.0	936.0	1214.5	2856.0	5451.5	9424.0	14678.0	25443.0	31271.5	32493.0	39507.0	61816.5	84912.0	117262.5	151389.5	175217.5	216266.5	257907.0	288877.0	357516.0	440007.0	556320.5	751346.0	834387.0	796433.0	850690.0	950007.5	1018207.5	1096991.5	1109499.5	1034528.0	943264.0	873251.5	809092.0	747799.0	676015.5	585187.0	518880.5	495951.0	487066.5	477874.0	444507.0	423730.5	406649.5	366639.0	333426.5	285833.0	259005.5	238217.0	233765.5	233815.5	164335.5	99285.0	80789.5	61475.0	48429.5	38081.5	25509.5	18026.0	12585.0	7937.0	5060.0	2815.5	1300.5	514.0	166.5	86.0	47.0	31.0	23.0	15.5	11.5	8.5	6.0	5.0	5.0	4.5	5.5	6.0	4.5	3.0	5.0	11.5	32.5	28.5	4.0
GLDS-375_rna-seq_GC9-1S_S11_L002_R2_raw	4317.0	5865.5	8466.0	10026.0	10878.0	11430.0	11971.5	12507.0	12867.0	13103.0	13108.0	13229.0	13400.0	13442.0	13625.5	13770.0	13873.0	14341.0	15735.5	18358.0	22184.0	27811.0	31503.0	35191.5	41863.5	59687.5	94807.0	121582.0	142171.5	178530.0	221091.5	255666.0	285941.0	324795.5	399505.0	499281.0	568599.0	650783.5	739265.5	804289.5	873432.5	923753.5	979506.0	1008924.0	996112.5	953045.0	893378.5	835901.0	764134.0	690026.5	613941.0	550240.0	503292.5	479177.5	459050.0	428742.5	383321.5	348406.0	350633.5	364045.5	370164.5	337539.0	295491.5	278956.5	251295.5	212032.5	158850.5	114498.5	94340.0	73029.0	68459.0	58195.5	37014.0	26909.0	19244.0	13113.5	10383.5	8177.5	6229.5	5391.0	4963.5	4909.5	4866.5	4835.0	4885.5	4789.5	4747.5	4822.5	4807.0	4872.5	4885.0	4913.0	4910.5	4908.5	5077.5	5321.0	5681.0	6175.5	7125.0	9461.0	29709.0
GLDS-375_rna-seq_Plantctrl_rep1_R1_raw	4722.0	4769.5	5424.5	7191.5	7583.5	5818.0	4229.5	3483.5	3063.5	2536.5	2371.5	2589.0	3615.0	6324.5	8373.0	11184.0	16622.5	24681.0	34581.5	50656.0	74976.5	102465.0	129790.5	214241.5	280716.0	346958.0	475067.5	577869.5	656921.5	731894.0	881688.5	1108756.0	1441904.5	1693676.0	1898829.5	2448021.0	3140008.0	4133405.0	6121465.5	7760666.0	8234821.0	8082707.5	7474574.5	7810687.0	8246859.5	7671513.0	6821926.0	6022846.5	5433369.0	4869225.0	4378585.5	4019663.5	3483987.0	3031866.0	2757449.0	2398675.5	2043644.5	1774192.5	1601447.0	1381829.0	1071422.0	933247.0	667881.0	259453.0	136062.5	87352.5	61232.5	34464.0	20337.0	17591.0	15622.0	9662.5	5040.0	3062.5	2181.0	1538.5	1159.0	558.5	198.5	124.5	88.0	62.5	52.5	41.0	25.5	15.5	17.0	15.5	10.0	11.0	12.0	14.0	16.0	19.5	21.5	49.0	116.5	291.0	711.5	613.0	125.5
GLDS-375_rna-seq_Plantctrl_rep1_R2_raw	14070.0	11072.5	8974.0	12155.5	16266.5	19643.5	22760.0	25772.5	28657.5	31880.5	35652.0	39527.0	43736.5	48137.5	52354.5	58016.0	65714.0	75050.5	88764.0	106591.0	129671.0	159844.5	207392.5	283298.5	386861.0	483015.5	566873.0	692445.5	873501.5	1097693.0	1319098.5	1608019.5	1910350.5	2240650.0	2582831.5	3097564.5	3734347.0	4137960.0	5438946.0	6833548.5	6918924.5	7060154.5	7409162.0	7511292.5	7957026.5	7532962.5	6597062.0	5997650.5	5165801.5	4537176.0	4114329.0	3665976.0	3205822.5	2957558.5	2835580.0	2460524.5	1909922.5	1637559.5	1662076.5	1509264.0	1079704.0	784373.5	715980.5	544557.5	234020.5	108881.5	74448.0	50099.5	36810.5	30832.0	25497.5	19073.0	13695.0	11035.5	9867.5	8754.5	7770.0	7121.0	6633.0	6160.5	5888.5	5705.5	5428.0	5221.0	5017.5	4773.0	4582.5	4376.5	4276.5	4171.5	4049.0	3942.5	3830.5	3894.5	4096.0	4307.5	4618.0	5323.0	6794.5	10788.0	100087.0
GLDS-375_rna-seq_Plantctrl_rep2_R1_raw	5176.0	5212.5	5836.5	7990.0	8655.5	6650.5	4812.5	3803.0	3311.0	2875.5	2679.5	2880.0	4148.5	7794.5	10378.0	13618.5	20275.0	30377.5	43340.0	62536.0	91945.0	125481.0	156658.5	257537.5	334945.5	410373.5	557474.5	668357.0	755938.0	842300.0	1015232.0	1272684.0	1634490.5	1912653.0	2146675.0	2755739.0	3519948.5	4619667.5	6852461.5	8622612.0	9143259.5	8997820.5	8278477.5	8606186.0	9050465.0	8406805.5	7485144.5	6629096.5	5981609.5	5355267.5	4822382.0	4411172.0	3798403.5	3296792.5	2973440.0	2563374.5	2177153.0	1875047.0	1675431.0	1438486.0	1100979.5	948381.0	672081.0	257312.5	133648.5	83278.0	56154.5	30543.5	17644.0	15138.5	12664.0	7447.5	3758.5	2142.0	1477.5	999.5	752.0	389.5	187.5	137.5	100.5	76.5	56.0	51.0	45.0	33.0	21.0	14.0	12.0	9.5	12.0	17.5	18.0	24.0	37.0	75.5	174.0	427.0	1101.0	924.5	146.0
GLDS-375_rna-seq_Plantctrl_rep2_R2_raw	16479.0	12975.5	9867.0	12564.0	16305.5	19107.0	21784.5	24414.5	27003.0	29903.0	33185.0	36786.5	40789.5	45482.0	50923.5	57498.5	65643.0	76580.0	94142.5	115567.5	143036.0	178980.5	235396.0	327194.5	452511.0	567378.5	660899.5	799210.0	1002442.0	1255829.5	1508738.0	1837464.5	2170313.0	2510824.0	2894115.0	3472747.5	4150748.0	4554333.0	5955156.5	7499614.0	7597637.0	7742536.0	8168782.0	8295656.5	8772759.5	8359051.5	7330485.5	6619903.5	5716891.0	5040708.0	4536250.0	4013059.5	3503694.5	3234357.5	3104557.5	2702749.5	2089828.0	1750912.5	1743219.5	1578496.0	1117860.0	794213.5	719582.5	550408.5	234670.0	102632.0	69045.0	45709.5	33828.5	29097.0	24691.5	18736.0	13553.0	11289.0	10303.5	9416.5	8605.0	7947.5	7440.0	7094.5	6907.5	6656.0	6321.0	6012.5	5849.0	5688.5	5437.5	5219.5	5082.5	4950.5	4767.0	4607.0	4627.0	4635.5	4699.5	5028.5	5389.0	6097.0	7743.5	12166.5	156883.5
GLDS-375_rna-seq_Plantctrl_rep3_R1_raw	3270.0	3414.0	4120.5	5658.5	6223.5	5093.5	3858.5	3222.5	2861.5	2464.5	2283.5	2332.0	3052.0	5131.0	6543.0	8544.0	12811.5	19274.0	26971.5	39439.0	58925.5	80351.0	100031.5	164448.5	215967.5	267671.0	376042.5	465903.0	524977.0	578713.5	700851.0	892002.5	1168464.0	1375850.0	1541781.5	2010521.5	2619562.0	3510137.0	5163197.0	6641266.5	7293048.0	7212800.5	6802751.0	7258808.5	7705633.5	7326185.5	6739176.0	6441188.5	6228182.0	5944016.5	5915292.5	6100669.0	6302522.0	7249169.0	7885950.0	7537102.0	7088016.0	6835923.5	6554649.5	5334674.0	3762605.5	2858236.0	2143692.0	1256955.0	771912.5	586030.5	448621.0	250508.5	147652.0	151896.5	153268.0	90243.0	46660.0	23717.0	16483.5	12979.5	9629.0	4164.0	1151.5	564.0	348.0	219.0	140.0	83.5	57.5	48.0	32.0	20.5	10.5	7.0	10.5	13.5	13.0	12.5	15.5	29.5	55.5	104.0	244.0	210.5	47.0
GLDS-375_rna-seq_Plantctrl_rep3_R2_raw	10742.0	9210.0	9783.0	15929.0	23453.0	30060.0	36017.5	41925.5	47540.5	53173.0	59725.5	65724.5	71497.5	77532.0	83323.0	89885.0	97886.5	107883.0	119965.5	133156.5	149817.5	172283.0	208924.5	268838.0	352524.5	427328.5	489485.5	585140.0	723446.0	901427.0	1081635.0	1312854.5	1564524.0	1845931.5	2141882.0	2606807.0	3312001.5	3787781.0	4992057.5	6194999.0	6130134.5	6203156.5	6666260.0	6953841.0	7413026.5	7055816.5	6536372.5	6677000.5	6400864.5	6143443.0	6103341.0	5745514.5	5690250.0	6529902.0	7288916.0	7043888.5	6410442.0	5781115.5	5215160.5	4825344.0	3893606.5	3106857.0	2860892.5	2144557.5	1151430.5	654246.5	464982.0	324156.0	226552.0	179423.0	115906.0	76457.0	53452.5	41621.0	42622.5	36384.5	27393.5	21846.5	19317.5	18309.0	17476.5	16879.5	16304.0	15570.5	15060.0	14489.0	13779.0	13104.0	12563.5	12113.0	11551.0	10984.5	10639.5	10315.5	10069.5	10063.0	10432.0	11399.0	13758.0	20779.5	144612.0
